0,29,10.0,down
1,1,6.803245897540909e-12,right
1,2,7.559162108378787e-12,right
1,3,8.399069009309763e-12,down
1,5,1.0369220999147855e-11,right
1,6,1.152135666571984e-11,right
1,7,1.2801507406355377e-11,down
1,8,1.152135666571984e-11,left
1,9,1.0369220999147855e-11,left
1,11,5.510629177008137e-12,down
1,12,4.959566259307324e-12,left
1,13,4.463609633376592e-12,left
1,14,4.017248670038933e-12,left
1,15,3.6155238030350397e-12,left
1,16,3.2539714227315357e-12,left
1,17,2.9285742804583823e-12,left
1,19,2.8517980706429853,right
1,20,3.16866452293665,right
1,21,3.5207383588185,right
1,22,3.9119315097983334,right
1,23,4.346590566442592,right
1,24,4.829545073825103,right
1,25,5.366161193139003,down
1,27,10.097379000000004,down
1,29,19.0,up
1,30,17.1,left
1,31,15.390000000000002,left
1,33,2.3099564372208183,right
1,34,2.566618263578687,right
1,35,2.8517980706429853,right
1,36,3.16866452293665,right
1,37,3.5207383588185,down
1,38,3.16866452293665,left
1,39,2.8517980706429853,left
1,40,2.566618263578687,left
1,41,2.3099564372208183,left
1,42,2.0789607934987364,left
1,43,1.8710647141488628,left
1,44,1.6839582427339765,left
1,45,1.515562418460579,left
1,46,1.364006176614521,left
1,47,1.227605558953069,left
1,48,1.1048450030577621,left
1,49,0.994360502751986,left
1,50,0.8949244524767874,left
1,51,0.8054320072291087,left
1,52,0.7248888065061978,left
1,53,0.652399925855578,left
1,54,0.5871599332700203,left
1,55,0.5284439399430182,left
1,56,0.4755995459487164,left
1,57,0.4280395913538448,left
1,58,0.3852356322184603,left
1,59,0.3467120689966143,left
2,1,6.1229213077868184e-12,up
2,3,9.33229889923307e-12,down
2,7,1.422389711817264e-11,down
2,9,9.33229889923307e-12,up
2,11,6.1229213077868184e-12,down
2,15,3.2539714227315357e-12,up
2,19,2.566618263578687,up
2,25,5.962401325710004,down
2,27,11.219310000000004,down
2,29,17.1,up
2,31,13.851000000000003,up
2,37,3.9119315097983334,down
2,51,0.7248888065061978,up
3,1,5.510629177008137e-12,up
3,3,1.0369220999147855e-11,right
3,4,1.152135666571984e-11,right
3,5,1.2801507406355377e-11,right
3,6,1.422389711817264e-11,right
3,7,1.5804330131302933e-11,down
3,9,8.399069009309763e-12,up
3,10,7.559162108378787e-12,left
3,11,6.803245897540909e-12,left
3,13,6.699638600298316e-13,down
3,15,2.9285742804583823e-12,up
3,16,2.635716852412544e-12,left
3,17,2.3721451671712894e-12,left
3,19,2.3099564372208183,up
3,21,0.5284439399430182,right
3,22,0.5871599332700203,right
3,23,0.652399925855578,down
3,25,6.624890361900004,down
3,27,12.465900000000003,right
3,28,13.851000000000003,right
3,29,15.390000000000002,up
3,31,12.465900000000003,up
3,32,11.219310000000004,left
3,33,10.097379000000004,left
3,35,5.366161193139003,down
3,36,4.829545073825103,left
3,37,4.346590566442592,left
3,39,0.0007691915544340244,down
3,41,0.0014473696128714654,right
3,42,0.0016081884587460726,right
3,43,0.001786876065273414,right
3,44,0.0019854178503037933,right
3,45,0.0022060198336708815,down
3,47,0.009643046935071916,right
3,48,0.01071449659452435,right
3,49,0.011904996216138167,down
3,51,0.652399925855578,up
3,52,0.5871599332700203,left
3,53,0.5284439399430182,left
3,54,0.4755995459487164,left
3,55,0.4280395913538448,left
3,56,0.3852356322184603,left
3,57,0.3467120689966143,left
3,58,0.31204086209695286,left
3,59,0.2808367758872576,left
4,1,4.959566259307324e-12,up
4,7,1.7560366812558812e-11,down
4,13,7.444042889220351e-13,down
4,17,2.1349306504541606e-12,up
4,19,2.0789607934987364,up
4,23,0.7248888065061978,down
4,25,7.3609892910000045,down
4,27,11.219310000000004,up
4,33,9.087641100000004,up
4,35,5.962401325710004,down
4,39,0.0008546572827044716,down
4,41,0.0013026326515843188,up
4,45,0.0024511331485232014,down
4,47,0.008678742241564725,up
4,49,0.013227773573486852,down
4,59,0.2527530982985318,up
5,1,4.463609633376592e-12,up
5,2,4.017248670038933e-12,left
5,3,3.6155238030350397e-12,left
5,5,8.27115876580039e-13,down
5,7,1.9511518680620903e-11,right
5,8,2.1679465200689892e-11,right
5,9,2.4088294667433213e-11,right
5,10,2.676477185270357e-11,right
5,11,2.9738635391892854e-11,down
5,13,8.27115876580039e-13,right
5,14,9.190176406444878e-13,right
5,15,1.0211307118272086e-12,down
5,17,1.9214375854087446e-12,up
5,19,1.8710647141488628,up
5,20,1.6839582427339765,left
5,21,1.515562418460579,left
5,23,0.8054320072291087,down
5,25,8.178876990000004,right
5,26,9.087641100000004,right
5,27,10.097379000000004,up
5,29,2.3099564372208183,down
5,30,2.0789607934987364,left
5,31,1.8710647141488628,left
5,33,8.178876990000004,up
5,34,7.3609892910000045,left
5,35,6.624890361900004,left
5,37,0.0007691915544340244,right
5,38,0.0008546572827044716,right
5,39,0.0009496192030049684,right
5,40,0.0010551324477832981,right
5,41,0.0011723693864258869,up
5,43,0.0033623225631319634,down
5,44,0.003026090306818767,left
5,45,0.0027234812761368905,left
5,47,0.007810868017408252,up
5,49,0.014697526192763169,down
5,51,0.011904996216138167,down
5,53,0.052039621549114845,right
5,54,0.057821801721238714,right
5,55,0.0642464463569319,down
5,57,0.1842570086596297,right
5,58,0.2047300096218108,right
5,59,0.22747778846867864,up
6,3,3.2539714227315357e-12,up
6,5,9.190176406444878e-13,down
6,7,1.7560366812558812e-11,up
6,11,3.304292821321428e-11,down
6,15,1.1345896798080097e-12,down
6,17,1.7292938268678701e-12,up
6,19,1.6839582427339765,up
6,21,1.364006176614521,up
6,23,0.8949244524767874,down
6,27,9.087641100000004,up
6,29,2.566618263578687,down
6,31,1.6839582427339765,up
6,35,5.962401325710004,up
6,37,0.000692272398990622,up
6,43,0.0037359139590355146,down
6,47,0.007029781215667427,up
6,49,0.016330584658625743,down
6,51,0.013227773573486852,down
6,53,0.04683565939420336,up
6,55,0.07138494039659099,down
6,57,0.16583130779366675,up
6,59,0.2047300096218108,up
7,1,2.3721451671712894e-12,right
7,2,2.635716852412544e-12,right
7,3,2.9285742804583823e-12,up
7,5,1.0211307118272086e-12,down
7,7,1.5804330131302933e-11,up
7,8,1.422389711817264e-11,left
7,9,1.2801507406355377e-11,left
7,11,3.67143646813492e-11,right
7,12,4.0793738534832445e-11,right
7,13,4.532637614981383e-11,down
7,15,1.2606551997866773e-12,right
7,16,1.4007279997629749e-12,right
7,17,1.556364444181083e-12,up
7,19,1.515562418460579,up
7,21,1.227605558953069,up
7,22,1.1048450030577621,left
7,23,0.994360502751986,left
7,25,6.624890361900004,right
7,26,7.3609892910000045,right
7,27,8.178876990000004,up
7,29,2.8517980706429853,down
7,31,1.515562418460579,up
7,33,4.346590566442592,right
7,34,4.829545073825103,right
7,35,5.366161193139003,up
7,37,0.0006230451590915598,up
7,38,0.0005607406431824038,left
7,39,0.0005046665788641635,left
7,41,0.00026820051133815,down
7,43,0.00415101551003946,right
7,44,0.0046122394555994,right
7,45,0.005124710506221555,right
7,46,0.0056941227846906165,right
7,47,0.0063268030941006845,up
7,49,0.018145094065139714,down
7,50,0.016330584658625743,left
7,51,0.014697526192763169,left
7,53,0.042152093454783025,up
7,55,0.07931660044065665,down
7,57,0.14924817701430007,up
7,59,0.1842570086596297,up
8,1,2.1349306504541606e-12,up
8,5,1.1345896798080097e-12,down
8,7,1.422389711817264e-11,up
8,13,5.036264016645981e-11,down
8,25,5.962401325710004,up
8,29,3.16866452293665,down
8,31,1.364006176614521,up
8,39,0.00045419992097774716,up
8,41,0.0002980005681535,down
8,49,0.020161215627933014,down
8,53,0.03793688410930472,up
8,55,0.08812955604517406,down
8,57,0.13432335931287007,up
8,59,0.16583130779366675,up
9,1,1.9214375854087446e-12,up
9,2,1.7292938268678701e-12,left
9,3,1.556364444181083e-12,left
9,4,1.4007279997629749e-12,left
9,5,1.2606551997866773e-12,left
9,7,1.2801507406355377e-11,up
9,9,8.528957334833748e-11,down
9,10,7.676061601350373e-11,left
9,11,6.908455441215337e-11,left
9,12,6.217609897093803e-11,left
9,13,5.595848907384423e-11,left
9,15,0.09792172893908228,right
9,16,0.10880192104342476,right
9,17,0.12089102338158306,right
9,18,0.13432335931287007,right
9,19,0.14924817701430007,right
9,20,0.16583130779366675,right
9,21,0.1842570086596297,down
9,23,4.346590566442592,right
9,24,4.829545073825103,right
9,25,5.366161193139003,up
9,26,4.829545073825103,left
9,27,4.346590566442592,left
9,28,3.9119315097983334,left
9,29,3.5207383588185,left
9,31,1.227605558953069,up
9,33,2.043080369828564e-08,down
9,34,1.8387723328457076e-08,left
9,35,1.654895099561137e-08,left
9,36,1.4894055896050233e-08,left
9,37,1.340465030644521e-08,left
9,39,0.00040877992887997246,up
9,40,0.00036790193599197524,left
9,41,0.0003311117423927777,left
9,43,7.574774610120091e-05,right
9,44,8.416416233466768e-05,right
9,45,9.351573592740853e-05,down
9,46,8.416416233466768e-05,left
9,47,7.574774610120091e-05,left
9,49,0.02240135069770335,right
9,50,0.02489038966411483,right
9,51,0.027655988515683145,right
9,52,0.030728876128536826,right
9,53,0.03414319569837425,up
9,55,0.09792172893908228,right
9,56,0.10880192104342476,right
9,57,0.12089102338158306,up
9,59,0.14924817701430007,up
10,7,1.152135666571984e-11,up
10,9,9.476619260926387e-11,down
10,13,5.036264016645981e-11,up
10,15,0.08812955604517406,up
10,21,0.2047300096218108,down
10,31,1.1048450030577621,up
10,33,2.2700892998095153e-08,down
10,37,1.206418527580069e-08,up
10,41,0.0002980005681535,up
10,45,0.00010390637325267614,down
10,47,6.817297149108083e-05,up
10,51,0.02489038966411483,up
11,1,6.908455441215337e-11,right
11,2,7.676061601350373e-11,right
11,3,8.528957334833748e-11,right
11,4,9.476619260926387e-11,right
11,5,1.0529576956584874e-10,down
11,7,1.0369220999147855e-11,up
11,9,1.0529576956584874e-10,down
11,11,3.67143646813492e-11,right
11,12,4.0793738534832445e-11,right
11,13,4.532637614981383e-11,up
11,15,0.07931660044065665,up
11,16,0.07138494039659099,left
11,17,0.0642464463569319,left
11,19,0.1842570086596297,right
11,20,0.2047300096218108,right
11,21,0.22747778846867864,right
11,22,0.2527530982985318,right
11,23,0.2808367758872576,right
11,24,0.31204086209695286,right
11,25,0.3467120689966143,down
11,27,0.4280395913538448,down
11,29,0.8054320072291087,right
11,30,0.8949244524767874,right
11,31,0.994360502751986,up
11,33,2.522321444232795e-08,right
11,34,2.8025793824808833e-08,right
11,35,3.113977091645426e-08,down
11,37,1.0857766748220622e-08,up
11,38,9.77199007339856e-09,left
11,39,8.794791066058703e-09,left
11,41,0.00026820051133815,up
11,42,0.000241380460204335,left
11,43,0.0002172424141839015,left
11,45,0.00011545152583630682,down
11,47,6.135567434197275e-05,up
11,48,5.5220106907775475e-05,left
11,49,4.969809621699793e-05,left
11,51,0.02240135069770335,up
11,53,0.011904996216138167,down
11,54,0.01071449659452435,left
11,55,0.009643046935071916,left
11,56,0.008678742241564725,left
11,57,0.007810868017408252,left
11,58,0.007029781215667427,left
11,59,0.0063268030941006845,left
12,5,1.169952995176097e-10,down
12,9,1.169952995176097e-10,down
12,11,3.304292821321428e-11,up
12,17,0.057821801721238714,up
12,25,0.3852356322184603,down
12,27,0.4755995459487164,down
12,29,0.7248888065061978,up
12,35,3.459974546272695e-08,down
12,39,7.915311959452833e-09,up
12,43,0.00019551817276551136,up
12,45,0.00012827947315145202,down
12,47,5.5220106907775475e-05,up
12,51,0.020161215627933014,up
12,53,0.013227773573486852,down
12,59,0.0056941227846906165,up
13,1,8.528957334833748e-11,right
13,2,9.476619260926387e-11,right
13,3,1.0529576956584874e-10,down
13,5,1.2999477724178856e-10,down
13,7,1.6048737931085005e-10,down
13,8,1.4443864137976506e-10,left
13,9,1.2999477724178856e-10,left
13,11,2.9738635391892854e-11,up
13,13,1.5804330131302933e-11,down
13,14,1.422389711817264e-11,left
13,15,1.2801507406355377e-11,left
13,17,0.052039621549114845,up
13,18,0.04683565939420336,left
13,19,0.042152093454783025,left
13,20,0.03793688410930472,left
13,21,0.03414319569837425,left
13,22,0.030728876128536826,left
13,23,0.027655988515683145,left
13,25,0.4280395913538448,right
13,26,0.4755995459487164,right
13,27,0.5284439399430182,right
13,28,0.5871599332700203,right
13,29,0.652399925855578,up
13,31,5.8594972756061814e-08,down
13,32,5.2735475480455634e-08,left
13,33,4.7461927932410075e-08,left
13,34,4.271573513916907e-08,left
13,35,3.8444161625252165e-08,left
13,37,5.770262418441116e-09,right
13,38,6.411402687156795e-09,right
13,39,7.1237807635075494e-09,up
13,41,0.0001425327479460578,right
13,42,0.00015836971994006422,right
13,43,0.00017596635548896024,up
13,44,0.00015836971994006422,left
13,45,0.0001425327479460578,left
13,47,4.969809621699793e-05,up
13,48,4.4728286595298135e-05,left
13,49,4.0255457935768326e-05,left
13,51,0.018145094065139714,up
13,52,0.016330584658625743,left
13,53,0.014697526192763169,left
13,55,0.0033623225631319634,right
13,56,0.0037359139590355146,right
13,57,0.00415101551003946,right
13,58,0.0046122394555994,right
13,59,0.005124710506221555,up
14,1,7.676061601350373e-11,up
14,3,1.169952995176097e-10,down
14,5,1.4443864137976506e-10,down
14,7,1.7831931034538894e-10,down
14,11,2.676477185270357e-11,up
14,13,1.7560366812558812e-11,down
14,15,1.152135666571984e-11,up
14,23,0.02489038966411483,up
14,31,6.510552528451312e-08,down
14,49,3.622991214219149e-05,up
14,55,0.003026090306818767,up
15,1,6.908455441215337e-11,up
15,3,1.2999477724178856e-10,right
15,4,1.4443864137976506e-10,right
15,5,1.6048737931085005e-10,right
15,6,1.7831931034538894e-10,right
15,7,1.9813256705043215e-10,right
15,8,2.2014729672270238e-10,right
15,9,2.446081074696693e-10,down
15,11,2.4088294667433213e-11,up
15,12,2.1679465200689892e-11,left
15,13,1.9511518680620903e-11,left
15,15,1.0369220999147855e-11,up
15,16,9.33229889923307e-12,left
15,17,8.399069009309763e-12,left
15,18,7.559162108378787e-12,left
15,19,6.803245897540909e-12,left
15,20,6.1229213077868184e-12,left
15,21,5.510629177008137e-12,left
15,23,0.02240135069770335,up
15,24,0.020161215627933014,left
15,25,0.018145094065139714,left
15,27,1.1025677875072077e-07,down
15,28,9.92311008756487e-08,left
15,29,8.930799078808383e-08,left
15,30,8.037719170927545e-08,left
15,31,7.233947253834791e-08,left
15,33,1.3611947993916143e-07,right
15,34,1.5124386659906825e-07,right
15,35,1.680487406656314e-07,down
15,37,3.260692092797234e-05,right
15,38,3.622991214219149e-05,right
15,39,4.0255457935768326e-05,right
15,40,4.4728286595298135e-05,right
15,41,4.969809621699793e-05,right
15,42,5.5220106907775475e-05,right
15,43,6.135567434197275e-05,down
15,45,2.1393400820842656e-05,right
15,46,2.377044535649184e-05,right
15,47,2.64116059516576e-05,right
15,48,2.934622883517511e-05,right
15,49,3.260692092797234e-05,up
15,51,0.0003311117423927777,right
15,52,0.00036790193599197524,right
15,53,0.00040877992887997246,down
15,55,0.0027234812761368905,up
15,56,0.0024511331485232014,left
15,57,0.0022060198336708815,left
15,58,0.0019854178503037933,left
15,59,0.001786876065273414,left
16,1,6.217609897093803e-11,up
16,9,2.717867860774103e-10,down
16,25,0.016330584658625743,up
16,27,1.225075319452453e-07,down
16,35,1.8672082296181267e-07,down
16,37,2.934622883517511e-05,up
16,43,6.817297149108083e-05,down
16,51,0.0002980005681535,up
16,53,0.00045419992097774716,down
16,59,0.0016081884587460726,up
17,1,5.595848907384423e-11,up
17,2,5.036264016645981e-11,left
17,3,4.532637614981383e-11,left
17,5,3.019853178637892e-10,down
17,6,2.717867860774103e-10,left
17,7,2.446081074696693e-10,left
17,9,3.019853178637892e-10,right
17,10,3.355392420708769e-10,right
17,11,3.728213800787521e-10,down
17,12,3.355392420708769e-10,left
17,13,3.019853178637892e-10,left
17,15,0.0033623225631319634,right
17,16,0.0037359139590355146,right
17,17,0.00415101551003946,right
17,18,0.0046122394555994,right
17,19,0.005124710506221555,right
17,20,0.0056941227846906165,right
17,21,0.0063268030941006845,down
17,23,0.007810868017408252,down
17,25,0.014697526192763169,up
17,27,1.3611947993916143e-07,right
17,28,1.5124386659906825e-07,right
17,29,1.680487406656314e-07,right
17,30,1.8672082296181267e-07,right
17,31,2.0746758106868074e-07,right
17,32,2.3051953452075636e-07,right
17,33,2.5613281613417373e-07,down
17,35,2.0746758106868074e-07,down
17,37,2.64116059516576e-05,up
17,38,2.377044535649184e-05,left
17,39,2.1393400820842656e-05,left
17,40,1.925406073875839e-05,left
17,41,1.732865466488255e-05,left
17,43,7.574774610120091e-05,right
17,44,8.416416233466768e-05,right
17,45,9.351573592740853e-05,right
17,46,0.00010390637325267614,right
17,47,0.00011545152583630682,right
17,48,0.00012827947315145202,right
17,49,0.0001425327479460578,down
17,51,0.00026820051133815,up
17,53,0.0005046665788641635,right
17,54,0.0005607406431824038,right
17,55,0.0006230451590915598,down
17,57,0.0011723693864258869,right
17,58,0.0013026326515843188,right
17,59,0.0014473696128714654,up
18,3,4.0793738534832445e-11,up
18,5,3.355392420708769e-10,down
18,7,2.2014729672270238e-10,up
18,11,4.142459778652801e-10,down
18,15,0.003026090306818767,up
18,21,0.007029781215667427,down
18,23,0.008678742241564725,down
18,25,0.013227773573486852,up
18,27,1.225075319452453e-07,up
18,33,2.845920179268597e-07,down
18,35,2.3051953452075636e-07,down
18,39,1.925406073875839e-05,up
18,49,0.00015836971994006422,down
18,51,0.000241380460204335,up
18,55,0.000692272398990622,down
18,57,0.0010551324477832981,up
18,59,0.0013026326515843188,up
19,1,8.399069009309763e-12,down
19,3,3.67143646813492e-11,up
19,5,3.728213800787521e-10,down
19,7,1.9813256705043215e-10,up
19,8,1.7831931034538894e-10,left
19,9,1.6048737931085005e-10,left
19,11,4.6027330873920005e-10,right
19,12,5.114147874880001e-10,right
19,13,5.682386527644445e-10,down
19,15,0.0027234812761368905,up
19,16,0.0024511331485232014,left
19,17,0.0022060198336708815,left
19,19,0.0063268030941006845,right
19,20,0.007029781215667427,right
19,21,0.007810868017408252,right
19,22,0.008678742241564725,right
19,23,0.009643046935071916,right
19,24,0.01071449659452435,right
19,25,0.011904996216138167,up
19,27,1.1025677875072077e-07,up
19,29,7.345817425956005e-07,down
19,30,6.611235683360405e-07,left
19,31,5.950112115024365e-07,left
19,33,3.1621335325206635e-07,down
19,34,2.845920179268597e-07,left
19,35,2.5613281613417373e-07,left
19,37,1.4036210278554867e-05,right
19,38,1.5595789198394297e-05,right
19,39,1.732865466488255e-05,up
19,40,1.5595789198394297e-05,left
19,41,1.4036210278554867e-05,left
19,42,1.263258925069938e-05,left
19,43,1.1369330325629443e-05,left
19,45,6.042128277582838e-06,down
19,46,5.437915449824555e-06,left
19,47,4.8941239048421e-06,left
19,49,0.00017596635548896024,right
19,50,0.00019551817276551136,right
19,51,0.0002172424141839015,up
19,52,0.00019551817276551136,left
19,53,0.00017596635548896024,left
19,55,0.0007691915544340244,right
19,56,0.0008546572827044716,right
19,57,0.0009496192030049684,up
19,59,0.0011723693864258869,up
20,1,9.33229889923307e-12,down
20,3,3.304292821321428e-11,up
20,5,4.142459778652801e-10,down
20,9,1.4443864137976506e-10,up
20,13,6.313762808493828e-10,down
20,17,0.0019854178503037933,up
20,21,0.007029781215667427,up
20,29,8.162019362173339e-07,down
20,31,5.355100903521929e-07,up
20,33,3.5134817028007373e-07,down
20,43,1.0232397293066499e-05,up
20,45,6.7134758639809315e-06,down
20,47,4.40471151435789e-06,up
20,59,0.0010551324477832981,up
21,1,1.0369220999147855e-11,down
21,3,2.9738635391892854e-11,up
21,5,4.6027330873920005e-10,down
21,7,1.0529576956584874e-10,right
21,8,1.169952995176097e-10,right
21,9,1.2999477724178856e-10,up
21,11,5.682386527644445e-10,down
21,13,7.015292009437586e-10,right
21,14,7.794768899375096e-10,right
21,15,8.660854332638996e-10,down
21,17,0.001786876065273414,up
21,18,0.0016081884587460726,left
21,19,0.0014473696128714654,left
21,21,0.0063268030941006845,up
21,22,0.0056941227846906165,left
21,23,0.005124710506221555,left
21,24,0.0046122394555994,left
21,25,0.00415101551003946,left
21,27,1.1196185681993605e-06,down
21,28,1.0076567113794245e-06,left
21,29,9.068910402414821e-07,left
21,31,4.819590813169736e-07,up
21,32,4.3376317318527624e-07,left
21,33,3.903868558667486e-07,left
21,35,1.7064754887964646e-06,right
21,36,1.8960838764405161e-06,right
21,37,2.1067598627116845e-06,right
21,38,2.3408442919018715e-06,right
21,39,2.6009381021131906e-06,down
21,41,7.459417626645479e-06,right
21,42,8.288241807383865e-06,right
21,43,9.20915756375985e-06,up
21,44,8.288241807383865e-06,left
21,45,7.459417626645479e-06,left
21,47,3.964240362922101e-06,up
21,48,3.567816326629891e-06,left
21,49,3.211034693966902e-06,left
21,50,2.889931224570212e-06,left
21,51,2.6009381021131906e-06,left
21,52,2.3408442919018715e-06,left
21,53,2.1067598627116845e-06,left
21,54,1.8960838764405161e-06,left
21,55,1.7064754887964646e-06,left
21,57,0.0003311117423927777,down
21,59,0.0009496192030049684,up
22,1,1.152135666571984e-11,down
22,3,2.676477185270357e-11,up
22,5,5.114147874880001e-10,down
22,11,6.313762808493828e-10,down
22,15,9.623171480709995e-10,down
22,19,0.0013026326515843188,up
22,25,0.0037359139590355146,up
22,27,1.2440206313326227e-06,down
22,37,1.8960838764405161e-06,up
22,39,2.889931224570212e-06,down
22,45,6.7134758639809315e-06,up
22,47,3.567816326629891e-06,up
22,55,1.535827939916818e-06,up
22,57,0.00036790193599197524,down
22,59,0.0008546572827044716,up
23,1,1.2801507406355377e-11,down
23,3,2.4088294667433213e-11,up
23,5,5.682386527644445e-10,right
23,6,6.313762808493828e-10,right
23,7,7.015292009437586e-10,down
23,9,8.660854332638996e-10,down
23,10,7.794768899375096e-10,left
23,11,7.015292009437586e-10,left
23,13,1.3200509575733874e-09,down
23,14,1.1880458618160488e-09,left
23,15,1.069241275634444e-09,left
23,17,3.728213800787521e-10,down
23,19,0.0011723693864258869,up
23,21,0.0022060198336708815,right
23,22,0.0024511331485232014,right
23,23,0.0027234812761368905,right
23,24,0.003026090306818767,right
23,25,0.0033623225631319634,up
23,27,1.3822451459251362e-06,down
23,29,2.6009381021131906e-06,right
23,30,2.889931224570212e-06,right
23,31,3.211034693966902e-06,down
23,33,2.6009381021131906e-06,right
23,34,2.889931224570212e-06,right
23,35,3.211034693966902e-06,down
23,37,1.7064754887964646e-06,up
23,39,3.211034693966902e-06,right
23,40,3.567816326629891e-06,right
23,41,3.964240362922101e-06,right
23,42,4.40471151435789e-06,right
23,43,4.8941239048421e-06,right
23,44,5.437915449824555e-06,right
23,45,6.042128277582838e-06,up
23,47,3.211034693966902e-06,up
23,49,4.819590813169736e-07,right
23,50,5.355100903521929e-07,right
23,51,5.950112115024365e-07,right
23,52,6.611235683360405e-07,right
23,53,7.345817425956005e-07,down
23,55,1.3822451459251362e-06,up
23,57,0.00040877992887997246,down
23,59,0.0007691915544340244,up
24,1,1.422389711817264e-11,down
24,3,2.1679465200689892e-11,up
24,7,7.794768899375096e-10,down
24,9,9.623171480709995e-10,down
24,13,1.4667232861926527e-09,down
24,17,4.142459778652801e-10,down
24,19,0.0010551324477832981,up
24,27,1.535827939916818e-06,down
24,29,2.3408442919018715e-06,up
24,31,3.567816326629891e-06,down
24,35,3.567816326629891e-06,down
24,37,1.535827939916818e-06,up
24,49,4.3376317318527624e-07,up
24,53,8.162019362173339e-07,down
24,55,1.2440206313326227e-06,up
24,57,0.00045419992097774716,down
24,59,0.000692272398990622,up
25,1,1.5804330131302933e-11,right
25,2,1.7560366812558812e-11,right
25,3,1.9511518680620903e-11,up
25,5,7.015292009437586e-10,down
25,7,8.660854332638996e-10,right
25,8,9.623171480709995e-10,right
25,9,1.069241275634444e-09,right
25,10,1.1880458618160488e-09,right
25,11,1.3200509575733874e-09,right
25,12,1.4667232861926527e-09,right
25,13,1.6296925402140586e-09,down
25,14,1.4667232861926527e-09,left
25,15,1.3200509575733874e-09,left
25,17,4.6027330873920005e-10,down
25,19,0.0009496192030049684,up
25,20,0.0008546572827044716,left
25,21,0.0007691915544340244,left
25,22,0.000692272398990622,left
25,23,0.0006230451590915598,left
25,24,0.0005607406431824038,left
25,25,0.0005046665788641635,left
25,27,1.7064754887964646e-06,right
25,28,1.8960838764405161e-06,right
25,29,2.1067598627116845e-06,up
25,31,3.964240362922101e-06,right
25,32,4.40471151435789e-06,right
25,33,4.8941239048421e-06,down
25,34,4.40471151435789e-06,left
25,35,3.964240362922101e-06,left
25,37,1.3822451459251362e-06,up
25,38,1.2440206313326227e-06,left
25,39,1.1196185681993605e-06,left
25,40,1.0076567113794245e-06,left
25,41,9.068910402414821e-07,left
25,43,1.0857766748220622e-08,right
25,44,1.206418527580069e-08,right
25,45,1.340465030644521e-08,down
25,47,3.1621335325206635e-07,right
25,48,3.5134817028007373e-07,right
25,49,3.903868558667486e-07,up
25,51,7.345817425956005e-07,right
25,52,8.162019362173339e-07,right
25,53,9.068910402414821e-07,right
25,54,1.0076567113794245e-06,right
25,55,1.1196185681993605e-06,up
25,57,0.0005046665788641635,right
25,58,0.0005607406431824038,right
25,59,0.0006230451590915598,up
26,5,7.794768899375096e-10,down
26,13,1.8107694891267317e-09,down
26,15,1.1880458618160488e-09,up
26,17,5.114147874880001e-10,down
26,25,0.00045419992097774716,up
26,33,5.437915449824555e-06,down
26,35,3.567816326629891e-06,up
26,43,9.77199007339856e-09,up
26,45,1.4894055896050233e-08,down
26,47,2.845920179268597e-07,up
26,57,0.00045419992097774716,up
27,1,2.522321444232795e-08,down
27,2,2.2700892998095153e-08,left
27,3,2.043080369828564e-08,left
27,5,8.660854332638996e-10,right
27,6,9.623171480709995e-10,right
27,7,1.069241275634444e-09,right
27,8,1.1880458618160488e-09,right
27,9,1.3200509575733874e-09,right
27,10,1.4667232861926527e-09,right
27,11,1.6296925402140586e-09,right
27,12,1.8107694891267317e-09,right
27,13,2.011966099029702e-09,down
27,15,1.069241275634444e-09,up
27,17,5.682386527644445e-10,down
27,19,0.0002172424141839015,right
27,20,0.000241380460204335,right
27,21,0.00026820051133815,right
27,22,0.0002980005681535,right
27,23,0.0003311117423927777,right
27,24,0.00036790193599197524,right
27,25,0.00040877992887997246,up
27,27,1.732865466488255e-05,down
27,28,1.5595789198394297e-05,left
27,29,1.4036210278554867e-05,left
27,31,7.459417626645479e-06,down
27,32,6.7134758639809315e-06,left
27,33,6.042128277582838e-06,left
27,35,3.211034693966902e-06,up
27,36,2.889931224570212e-06,left
27,37,2.6009381021131906e-06,left
27,39,5.770262418441116e-09,right
27,40,6.411402687156795e-09,right
27,41,7.1237807635075494e-09,right
27,42,7.915311959452833e-09,right
27,43,8.794791066058703e-09,up
27,45,1.654895099561137e-08,down
27,47,2.5613281613417373e-07,up
27,49,1.3611947993916143e-07,down
27,51,0.0001425327479460578,down
27,52,0.00012827947315145202,left
27,53,0.00011545152583630682,left
27,54,0.00010390637325267614,left
27,55,9.351573592740853e-05,left
27,57,0.00040877992887997246,up
27,59,8.794791066058703e-09,down
28,1,2.8025793824808833e-08,down
28,3,1.8387723328457076e-08,up
28,5,7.794768899375096e-10,up
28,9,1.1880458618160488e-09,up
28,13,2.2355178878107797e-09,down
28,15,9.623171480709995e-10,up
28,17,6.313762808493828e-10,down
28,19,0.00019551817276551136,up
28,23,0.0002980005681535,up
28,27,1.925406073875839e-05,down
28,29,1.263258925069938e-05,up
28,31,8.288241807383865e-06,down
28,37,2.3408442919018715e-06,up
28,39,5.193236176597004e-09,up
28,45,1.8387723328457076e-08,down
28,47,2.3051953452075636e-07,up
28,49,1.5124386659906825e-07,down
28,51,0.00015836971994006422,down
28,57,0.00036790193599197524,up
28,59,9.77199007339856e-09,down
29,1,3.113977091645426e-08,down
29,3,1.654895099561137e-08,up
29,5,7.015292009437586e-10,up
29,6,6.313762808493828e-10,left
29,7,5.682386527644445e-10,left
29,9,1.069241275634444e-09,up
29,10,9.623171480709995e-10,left
29,11,8.660854332638996e-10,left
29,13,2.4839087642341996e-09,down
29,15,8.660854332638996e-10,up
29,16,7.794768899375096e-10,left
29,17,7.015292009437586e-10,left
29,19,0.00017596635548896024,up
29,20,0.00015836971994006422,left
29,21,0.0001425327479460578,left
29,23,0.00026820051133815,up
29,24,0.000241380460204335,left
29,25,0.0002172424141839015,left
29,27,2.1393400820842656e-05,down
29,29,1.1369330325629443e-05,up
29,30,1.0232397293066499e-05,left
29,31,9.20915756375985e-06,left
29,33,1.3822451459251362e-06,right
29,34,1.535827939916818e-06,right
29,35,1.7064754887964646e-06,right
29,36,1.8960838764405161e-06,right
29,37,2.1067598627116845e-06,up
29,39,4.673912558937304e-09,up
29,41,3.113977091645426e-08,down
29,42,2.8025793824808833e-08,left
29,43,2.522321444232795e-08,left
29,44,2.2700892998095153e-08,left
29,45,2.043080369828564e-08,left
29,47,2.0746758106868074e-07,up
29,48,1.8672082296181267e-07,left
29,49,1.680487406656314e-07,left
29,51,0.00017596635548896024,right
29,52,0.00019551817276551136,right
29,53,0.0002172424141839015,right
29,54,0.000241380460204335,right
29,55,0.00026820051133815,right
29,56,0.0002980005681535,right
29,57,0.0003311117423927777,up
29,59,1.0857766748220622e-08,down
30,1,3.459974546272695e-08,down
30,3,1.4894055896050233e-08,up
30,7,5.114147874880001e-10,up
30,13,2.7598986269268886e-09,down
30,25,0.00019551817276551136,up
30,27,2.377044535649184e-05,down
30,33,1.2440206313326227e-06,up
30,39,4.2065213030435735e-09,up
30,41,3.459974546272695e-08,down
30,49,1.5124386659906825e-07,up
30,59,1.206418527580069e-08,down
31,1,3.8444161625252165e-08,down
31,3,1.340465030644521e-08,up
31,4,1.206418527580069e-08,left
31,5,1.0857766748220622e-08,left
31,7,4.6027330873920005e-10,up
31,9,4.673912558937304e-09,down
31,10,4.2065213030435735e-09,left
31,11,3.785869172739216e-09,left
31,12,3.4072822554652945e-09,left
31,13,3.066554029918765e-09,left
31,15,2.64116059516576e-05,down
31,17,4.969809621699793e-05,right
31,18,5.5220106907775475e-05,right
31,19,6.135567434197275e-05,right
31,20,6.817297149108083e-05,right
31,21,7.574774610120091e-05,down
31,23,0.0001425327479460578,right
31,24,0.00015836971994006422,right
31,25,0.00017596635548896024,up
31,27,2.64116059516576e-05,right
31,28,2.934622883517511e-05,right
31,29,3.260692092797234e-05,down
31,31,9.068910402414821e-07,right
31,32,1.0076567113794245e-06,right
31,33,1.1196185681993605e-06,up
31,35,1.6296925402140586e-09,right
31,36,1.8107694891267317e-09,right
31,37,2.011966099029702e-09,down
31,39,3.785869172739216e-09,up
31,41,3.8444161625252165e-08,right
31,42,4.271573513916907e-08,right
31,43,4.7461927932410075e-08,right
31,44,5.2735475480455634e-08,right
31,45,5.8594972756061814e-08,right
31,46,6.510552528451312e-08,right
31,47,7.233947253834791e-08,down
31,49,1.3611947993916143e-07,up
31,51,4.7461927932410075e-08,down
31,52,4.271573513916907e-08,left
31,53,3.8444161625252165e-08,left
31,54,3.459974546272695e-08,left
31,55,3.113977091645426e-08,left
31,56,2.8025793824808833e-08,left
31,57,2.522321444232795e-08,left
31,59,1.340465030644521e-08,down
32,1,4.271573513916907e-08,down
32,5,9.77199007339856e-09,up
32,9,5.193236176597004e-09,down
32,15,2.934622883517511e-05,down
32,17,4.4728286595298135e-05,up
32,21,8.416416233466768e-05,down
32,23,0.00012827947315145202,up
32,29,3.622991214219149e-05,down
32,31,8.162019362173339e-07,up
32,35,1.4667232861926527e-09,up
32,37,2.2355178878107797e-09,down
32,39,3.4072822554652945e-09,up
32,41,3.459974546272695e-08,up
32,47,8.037719170927545e-08,down
32,49,1.225075319452453e-07,up
32,51,5.2735475480455634e-08,down
32,55,2.8025793824808833e-08,up
32,59,1.4894055896050233e-08,down
33,1,4.7461927932410075e-08,down
33,3,5.8594972756061814e-08,down
33,5,8.794791066058703e-09,up
33,6,7.915311959452833e-09,left
33,7,7.1237807635075494e-09,left
33,8,6.411402687156795e-09,left
33,9,5.770262418441116e-09,left
33,11,7.345817425956005e-07,right
33,12,8.162019362173339e-07,right
33,13,9.068910402414821e-07,down
33,15,3.260692092797234e-05,right
33,16,3.622991214219149e-05,right
33,17,4.0255457935768326e-05,up
33,19,1.1196185681993605e-06,down
33,21,9.351573592740853e-05,right
33,22,0.00010390637325267614,right
33,23,0.00011545152583630682,up
33,25,6.135567434197275e-05,down
33,26,5.5220106907775475e-05,left
33,27,4.969809621699793e-05,left
33,28,4.4728286595298135e-05,left
33,29,4.0255457935768326e-05,left
33,31,7.345817425956005e-07,up
33,32,6.611235683360405e-07,left
33,33,5.950112115024365e-07,left
33,35,1.3200509575733874e-09,up
33,37,2.4839087642341996e-09,right
33,38,2.7598986269268886e-09,right
33,39,3.066554029918765e-09,up
33,41,3.113977091645426e-08,up
33,42,2.8025793824808833e-08,left
33,43,2.522321444232795e-08,left
33,45,7.233947253834791e-08,right
33,46,8.037719170927545e-08,right
33,47,8.930799078808383e-08,right
33,48,9.92311008756487e-08,right
33,49,1.1025677875072077e-07,up
33,51,5.8594972756061814e-08,down
33,52,5.2735475480455634e-08,left
33,53,4.7461927932410075e-08,left
33,55,2.522321444232795e-08,up
33,56,2.2700892998095153e-08,left
33,57,2.043080369828564e-08,left
33,58,1.8387723328457076e-08,left
33,59,1.654895099561137e-08,left
34,1,5.2735475480455634e-08,down
34,3,6.510552528451312e-08,down
34,11,6.611235683360405e-07,up
34,13,1.0076567113794245e-06,down
34,17,3.622991214219149e-05,up
34,19,1.2440206313326227e-06,down
34,23,0.00010390637325267614,up
34,25,6.817297149108083e-05,down
34,33,5.355100903521929e-07,up
34,35,1.1880458618160488e-09,up
34,43,2.2700892998095153e-08,up
34,45,6.510552528451312e-08,up
34,49,9.92311008756487e-08,up
34,51,6.510552528451312e-08,down
34,53,4.271573513916907e-08,up
34,57,1.8387723328457076e-08,up
35,1,5.8594972756061814e-08,right
35,2,6.510552528451312e-08,right
35,3,7.233947253834791e-08,down
35,5,8.930799078808383e-08,right
35,6,9.92311008756487e-08,right
35,7,1.1025677875072077e-07,down
35,9,4.819590813169736e-07,right
35,10,5.355100903521929e-07,right
35,11,5.950112115024365e-07,up
35,13,1.1196185681993605e-06,down
35,15,2.64116059516576e-05,right
35,16,2.934622883517511e-05,right
35,17,3.260692092797234e-05,up
35,19,1.3822451459251362e-06,right
35,20,1.535827939916818e-06,right
35,21,1.7064754887964646e-06,down
35,23,9.351573592740853e-05,up
35,24,8.416416233466768e-05,left
35,25,7.574774610120091e-05,left
35,26,6.817297149108083e-05,left
35,27,6.135567434197275e-05,left
35,28,5.5220106907775475e-05,left
35,29,4.969809621699793e-05,left
35,30,4.4728286595298135e-05,left
35,31,4.0255457935768326e-05,left
35,33,4.819590813169736e-07,up
35,35,1.069241275634444e-09,up
35,37,4.673912558937304e-09,down
35,39,3.785869172739216e-09,down
35,40,3.4072822554652945e-09,left
35,41,3.066554029918765e-09,left
35,43,2.043080369828564e-08,up
35,45,5.8594972756061814e-08,up
35,47,7.233947253834791e-08,right
35,48,8.037719170927545e-08,right
35,49,8.930799078808383e-08,up
35,50,8.037719170927545e-08,left
35,51,7.233947253834791e-08,left
35,53,3.8444161625252165e-08,up
35,54,3.459974546272695e-08,left
35,55,3.113977091645426e-08,left
35,57,1.654895099561137e-08,up
35,58,1.4894055896050233e-08,left
35,59,1.340465030644521e-08,left
36,1,5.2735475480455634e-08,up
36,3,8.037719170927545e-08,down
36,5,8.037719170927545e-08,up
36,7,1.225075319452453e-07,down
36,9,4.3376317318527624e-07,up
36,13,1.2440206313326227e-06,down
36,15,2.377044535649184e-05,up
36,21,1.8960838764405161e-06,down
36,31,3.622991214219149e-05,up
36,33,4.3376317318527624e-07,up
36,35,9.623171480709995e-10,up
36,37,5.193236176597004e-09,down
36,39,4.2065213030435735e-09,down
36,43,1.8387723328457076e-08,up
36,45,5.2735475480455634e-08,up
36,55,2.8025793824808833e-08,up
37,1,4.7461927932410075e-08,up
37,3,8.930799078808383e-08,down
37,5,7.233947253834791e-08,up
37,7,1.3611947993916143e-07,down
37,9,3.903868558667486e-07,up
37,11,1.1196185681993605e-06,down
37,13,1.3822451459251362e-06,down
37,15,2.1393400820842656e-05,up
37,17,3.211034693966902e-06,down
37,18,2.889931224570212e-06,left
37,19,2.6009381021131906e-06,left
37,20,2.3408442919018715e-06,left
37,21,2.1067598627116845e-06,left
37,23,9.20915756375985e-06,right
37,24,1.0232397293066499e-05,right
37,25,1.1369330325629443e-05,right
37,26,1.263258925069938e-05,right
37,27,1.4036210278554867e-05,down
37,29,2.64116059516576e-05,right
37,30,2.934622883517511e-05,right
37,31,3.260692092797234e-05,up
37,33,3.903868558667486e-07,up
37,35,8.660854332638996e-10,up
37,37,5.770262418441116e-09,down
37,38,5.193236176597004e-09,left
37,39,4.673912558937304e-09,left
37,41,1.340465030644521e-08,right
37,42,1.4894055896050233e-08,right
37,43,1.654895099561137e-08,up
37,45,4.7461927932410075e-08,up
37,46,4.271573513916907e-08,left
37,47,3.8444161625252165e-08,left
37,48,3.459974546272695e-08,left
37,49,3.113977091645426e-08,left
37,51,1.0857766748220622e-08,right
37,52,1.206418527580069e-08,right
37,53,1.340465030644521e-08,down
37,55,2.522321444232795e-08,up
37,57,1.9813256705043215e-10,right
37,58,2.2014729672270238e-10,right
37,59,2.446081074696693e-10,down
38,1,4.271573513916907e-08,up
38,3,9.92311008756487e-08,down
38,7,1.5124386659906825e-07,down
38,9,3.5134817028007373e-07,up
38,11,1.2440206313326227e-06,down
38,13,1.535827939916818e-06,down
38,17,3.567816326629891e-06,down
38,23,8.288241807383865e-06,up
38,27,1.5595789198394297e-05,down
38,29,2.377044535649184e-05,up
38,31,2.934622883517511e-05,up
38,35,7.794768899375096e-10,up
38,37,6.411402687156795e-09,down
38,41,1.206418527580069e-08,up
38,49,2.8025793824808833e-08,up
38,53,1.4894055896050233e-08,down
38,55,2.2700892998095153e-08,up
38,57,1.7831931034538894e-10,up
38,59,2.717867860774103e-10,down
39,1,3.8444161625252165e-08,up
39,3,1.1025677875072077e-07,right
39,4,1.225075319452453e-07,right
39,5,1.3611947993916143e-07,right
39,6,1.5124386659906825e-07,right
39,7,1.680487406656314e-07,down
39,9,3.1621335325206635e-07,up
39,11,1.3822451459251362e-06,right
39,12,1.535827939916818e-06,right
39,13,1.7064754887964646e-06,right
39,14,1.8960838764405161e-06,right
39,15,2.1067598627116845e-06,down
39,17,3.964240362922101e-06,right
39,18,4.40471151435789e-06,right
39,19,4.8941239048421e-06,right
39,20,5.437915449824555e-06,right
39,21,6.042128277582838e-06,right
39,22,6.7134758639809315e-06,right
39,23,7.459417626645479e-06,up
39,25,1.4036210278554867e-05,right
39,26,1.5595789198394297e-05,right
39,27,1.732865466488255e-05,right
39,28,1.925406073875839e-05,right
39,29,2.1393400820842656e-05,up
39,31,2.64116059516576e-05,up
39,33,5.682386527644445e-10,right
39,34,6.313762808493828e-10,right
39,35,7.015292009437586e-10,up
39,37,7.1237807635075494e-09,right
39,38,7.915311959452833e-09,right
39,39,8.794791066058703e-09,right
39,40,9.77199007339856e-09,right
39,41,1.0857766748220622e-08,up
39,43,8.794791066058703e-09,right
39,44,9.77199007339856e-09,right
39,45,1.0857766748220622e-08,right
39,46,1.206418527580069e-08,right
39,47,1.340465030644521e-08,down
39,49,2.522321444232795e-08,up
39,50,2.2700892998095153e-08,left
39,51,2.043080369828564e-08,left
39,53,1.654895099561137e-08,right
39,54,1.8387723328457076e-08,right
39,55,2.043080369828564e-08,up
39,57,1.6048737931085005e-10,up
39,59,3.019853178637892e-10,down
40,1,3.459974546272695e-08,up
40,7,1.8672082296181267e-07,down
40,9,2.845920179268597e-07,up
40,15,2.3408442919018715e-06,down
40,25,1.263258925069938e-05,up
40,31,2.377044535649184e-05,up
40,33,5.114147874880001e-10,up
40,43,7.915311959452833e-09,up
40,47,1.4894055896050233e-08,down
40,49,2.2700892998095153e-08,up
40,51,1.8387723328457076e-08,up
40,57,1.4443864137976506e-10,up
40,59,3.355392420708769e-10,down
41,1,3.113977091645426e-08,up
41,2,2.8025793824808833e-08,left
41,3,2.522321444232795e-08,left
41,4,2.2700892998095153e-08,left
41,5,2.043080369828564e-08,left
41,7,2.0746758106868074e-07,right
41,8,2.3051953452075636e-07,right
41,9,2.5613281613417373e-07,up
41,11,6.908455441215337e-11,down
41,12,6.217609897093803e-11,left
41,13,5.595848907384423e-11,left
41,15,2.6009381021131906e-06,right
41,16,2.889931224570212e-06,right
41,17,3.211034693966902e-06,down
41,19,6.042128277582838e-06,right
41,20,6.7134758639809315e-06,right
41,21,7.459417626645479e-06,right
41,22,8.288241807383865e-06,right
41,23,9.20915756375985e-06,right
41,24,1.0232397293066499e-05,right
41,25,1.1369330325629443e-05,up
41,27,6.699638600298316e-13,right
41,28,7.444042889220351e-13,right
41,29,8.27115876580039e-13,down
41,31,2.1393400820842656e-05,up
41,33,4.6027330873920005e-10,up
41,34,4.142459778652801e-10,left
41,35,3.728213800787521e-10,left
41,36,3.355392420708769e-10,left
41,37,3.019853178637892e-10,left
41,39,3.066554029918765e-09,right
41,40,3.4072822554652945e-09,right
41,41,3.785869172739216e-09,down
41,43,7.1237807635075494e-09,up
41,45,1.069241275634444e-09,down
41,47,1.654895099561137e-08,right
41,48,1.8387723328457076e-08,right
41,49,2.043080369828564e-08,up
41,51,1.654895099561137e-08,up
41,52,1.4894055896050233e-08,left
41,53,1.340465030644521e-08,left
41,54,1.206418527580069e-08,left
41,55,1.0857766748220622e-08,left
41,57,1.2999477724178856e-10,up
41,59,3.728213800787521e-10,down
42,5,1.8387723328457076e-08,up
42,9,2.3051953452075636e-07,up
42,11,7.676061601350373e-11,down
42,17,3.567816326629891e-06,down
42,19,5.437915449824555e-06,up
42,27,6.029674740268484e-13,up
42,29,9.190176406444878e-13,down
42,37,2.717867860774103e-10,up
42,39,2.7598986269268886e-09,up
42,41,4.2065213030435735e-09,down
42,43,6.411402687156795e-09,up
42,45,1.1880458618160488e-09,down
42,49,1.8387723328457076e-08,up
42,55,9.77199007339856e-09,up
42,57,1.169952995176097e-10,up
42,59,4.142459778652801e-10,down
43,1,3.066554029918765e-09,down
43,2,2.7598986269268886e-09,left
43,3,2.4839087642341996e-09,left
43,5,1.654895099561137e-08,up
43,6,1.4894055896050233e-08,left
43,7,1.340465030644521e-08,left
43,9,2.0746758106868074e-07,up
43,11,8.528957334833748e-11,right
43,12,9.476619260926387e-11,right
43,13,1.0529576956584874e-10,right
43,14,1.169952995176097e-10,right
43,15,1.2999477724178856e-10,down
43,17,3.964240362922101e-06,right
43,18,4.40471151435789e-06,right
43,19,4.8941239048421e-06,up
43,21,1.89217582447247e-13,right
43,22,2.1024175827471887e-13,right
43,23,2.336019536385765e-13,down
43,25,4.395632885655726e-13,right
43,26,4.884036539617473e-13,right
43,27,5.426707266241636e-13,up
43,29,1.0211307118272086e-12,right
43,30,1.1345896798080097e-12,right
43,31,1.2606551997866773e-12,right
43,32,1.4007279997629749e-12,right
43,33,1.556364444181083e-12,right
43,34,1.7292938268678701e-12,right
43,35,1.9214375854087446e-12,down
43,37,2.446081074696693e-10,up
43,39,2.4839087642341996e-09,up
43,41,4.673912558937304e-09,right
43,42,5.193236176597004e-09,right
43,43,5.770262418441116e-09,up
43,45,1.3200509575733874e-09,down
43,47,1.340465030644521e-08,right
43,48,1.4894055896050233e-08,right
43,49,1.654895099561137e-08,up
43,51,2.4839087642341996e-09,down
43,52,2.2355178878107797e-09,left
43,53,2.011966099029702e-09,left
43,55,8.794791066058703e-09,up
43,57,1.0529576956584874e-10,up
43,59,4.6027330873920005e-10,down
44,1,3.4072822554652945e-09,down
44,3,2.2355178878107797e-09,up
44,7,1.206418527580069e-08,up
44,15,1.4443864137976506e-10,down
44,21,1.702958242025223e-13,up
44,23,2.59557726265085e-13,down
44,25,3.9560695970901535e-13,up
44,35,2.1349306504541606e-12,down
44,37,2.2014729672270238e-10,up
44,39,2.2355178878107797e-09,up
44,45,1.4667232861926527e-09,down
44,51,2.7598986269268886e-09,down
44,55,7.915311959452833e-09,up
44,57,9.476619260926387e-11,up
44,59,5.114147874880001e-10,down
45,1,3.785869172739216e-09,down
45,3,2.011966099029702e-09,up
45,5,8.794791066058703e-09,right
45,6,9.77199007339856e-09,right
45,7,1.0857766748220622e-08,up
45,9,3.019853178637892e-10,down
45,10,2.717867860774103e-10,left
45,11,2.446081074696693e-10,left
45,12,2.2014729672270238e-10,left
45,13,1.9813256705043215e-10,left
45,14,1.7831931034538894e-10,left
45,15,1.6048737931085005e-10,left
45,17,1.005579812333474e-13,right
45,18,1.1173109025927489e-13,right
45,19,1.2414565584363876e-13,right
45,20,1.3793961760404307e-13,right
45,21,1.5326624178227007e-13,up
45,23,2.883974736278722e-13,right
45,24,3.204416373643025e-13,right
45,25,3.5604626373811383e-13,up
45,27,2.3721451671712894e-12,right
45,28,2.635716852412544e-12,right
45,29,2.9285742804583823e-12,right
45,30,3.2539714227315357e-12,right
45,31,3.6155238030350397e-12,down
45,32,3.2539714227315357e-12,left
45,33,2.9285742804583823e-12,left
45,34,2.635716852412544e-12,left
45,35,2.3721451671712894e-12,left
45,37,1.9813256705043215e-10,up
45,39,2.011966099029702e-09,up
45,40,1.8107694891267317e-09,left
45,41,1.6296925402140586e-09,left
45,43,5.682386527644445e-10,down
45,45,1.6296925402140586e-09,right
45,46,1.8107694891267317e-09,right
45,47,2.011966099029702e-09,right
45,48,2.2355178878107797e-09,right
45,49,2.4839087642341996e-09,down
45,51,3.066554029918765e-09,right
45,52,3.4072822554652945e-09,right
45,53,3.785869172739216e-09,down
45,55,7.1237807635075494e-09,up
45,57,8.528957334833748e-11,up
45,59,5.682386527644445e-10,down
46,1,4.2065213030435735e-09,down
46,5,7.915311959452833e-09,up
46,9,3.355392420708769e-10,down
46,15,1.4443864137976506e-10,up
46,17,9.050218311001266e-14,up
46,29,2.635716852412544e-12,up
46,31,4.017248670038933e-12,down
46,37,1.7831931034538894e-10,up
46,39,1.8107694891267317e-09,up
46,41,1.4667232861926527e-09,up
46,43,6.313762808493828e-10,down
46,47,1.8107694891267317e-09,up
46,49,2.7598986269268886e-09,down
46,53,4.2065213030435735e-09,down
46,55,6.411402687156795e-09,up
46,57,7.676061601350373e-11,up
46,59,6.313762808493828e-10,down
47,1,4.673912558937304e-09,right
47,2,5.193236176597004e-09,right
47,3,5.770262418441116e-09,right
47,4,6.411402687156795e-09,right
47,5,7.1237807635075494e-09,up
47,7,4.6027330873920005e-10,down
47,8,4.142459778652801e-10,left
47,9,3.728213800787521e-10,left
47,11,3.67143646813492e-11,down
47,12,3.304292821321428e-11,left
47,13,2.9738635391892854e-11,left
47,15,1.2999477724178856e-10,up
47,17,8.14519647990114e-14,up
47,18,7.330676831911026e-14,left
47,19,6.597609148719924e-14,left
47,21,1.0211307118272086e-12,right
47,22,1.1345896798080097e-12,right
47,23,1.2606551997866773e-12,right
47,24,1.4007279997629749e-12,right
47,25,1.556364444181083e-12,right
47,26,1.7292938268678701e-12,right
47,27,1.9214375854087446e-12,right
47,28,2.1349306504541606e-12,right
47,29,2.3721451671712894e-12,up
47,31,4.463609633376592e-12,down
47,33,1.0529576956584874e-10,right
47,34,1.169952995176097e-10,right
47,35,1.2999477724178856e-10,right
47,36,1.4443864137976506e-10,right
47,37,1.6048737931085005e-10,up
47,39,1.6296925402140586e-09,up
47,41,1.3200509575733874e-09,up
47,43,7.015292009437586e-10,down
47,45,1.3200509575733874e-09,right
47,46,1.4667232861926527e-09,right
47,47,1.6296925402140586e-09,up
47,49,3.066554029918765e-09,right
47,50,3.4072822554652945e-09,right
47,51,3.785869172739216e-09,right
47,52,4.2065213030435735e-09,right
47,53,4.673912558937304e-09,right
47,54,5.193236176597004e-09,right
47,55,5.770262418441116e-09,up
47,57,6.908455441215337e-11,up
47,59,7.015292009437586e-10,down
48,3,5.193236176597004e-09,up
48,7,5.114147874880001e-10,down
48,11,4.0793738534832445e-11,down
48,15,1.169952995176097e-10,up
48,19,5.937848233847932e-14,up
48,31,4.959566259307324e-12,down
48,33,9.476619260926387e-11,up
48,41,1.1880458618160488e-09,up
48,43,7.794768899375096e-10,down
48,45,1.1880458618160488e-09,up
48,47,1.4667232861926527e-09,up
48,49,2.7598986269268886e-09,up
48,53,4.2065213030435735e-09,up
48,59,7.794768899375096e-10,down
49,1,3.785869172739216e-09,right
49,2,4.2065213030435735e-09,right
49,3,4.673912558937304e-09,up
49,5,7.015292009437586e-10,down
49,6,6.313762808493828e-10,left
49,7,5.682386527644445e-10,left
49,8,5.114147874880001e-10,left
49,9,4.6027330873920005e-10,left
49,11,4.532637614981383e-11,down
49,13,8.528957334833748e-11,right
49,14,9.476619260926387e-11,right
49,15,1.0529576956584874e-10,up
49,17,1.2999477724178856e-10,down
49,19,5.3440634104631383e-14,up
49,20,4.809657069416825e-14,left
49,21,4.3286913624751424e-14,left
49,23,2.3004440663651522e-14,down
49,24,2.070399659728637e-14,left
49,25,1.8633596937557735e-14,left
49,27,8.399069009309763e-12,down
49,28,7.559162108378787e-12,left
49,29,6.803245897540909e-12,left
49,30,6.1229213077868184e-12,left
49,31,5.510629177008137e-12,left
49,33,8.528957334833748e-11,up
49,34,7.676061601350373e-11,left
49,35,6.908455441215337e-11,left
49,37,4.6027330873920005e-10,down
49,39,8.660854332638996e-10,right
49,40,9.623171480709995e-10,right
49,41,1.069241275634444e-09,up
49,43,8.660854332638996e-10,right
49,44,9.623171480709995e-10,right
49,45,1.069241275634444e-09,up
49,47,1.3200509575733874e-09,up
49,49,2.4839087642341996e-09,up
49,50,2.2355178878107797e-09,left
49,51,2.011966099029702e-09,left
49,53,3.785869172739216e-09,up
49,54,3.4072822554652945e-09,left
49,55,3.066554029918765e-09,left
49,56,2.7598986269268886e-09,left
49,57,2.4839087642341996e-09,left
49,59,8.660854332638996e-10,down
50,1,3.4072822554652945e-09,up
50,5,7.794768899375096e-10,down
50,11,5.036264016645981e-11,down
50,13,7.676061601350373e-11,up
50,17,1.4443864137976506e-10,down
50,21,3.895822226227628e-14,up
50,23,2.556048962627947e-14,down
50,25,1.677023724380196e-14,up
50,27,9.33229889923307e-12,down
50,35,6.217609897093803e-11,up
50,37,5.114147874880001e-10,down
50,39,7.794768899375096e-10,up
50,43,7.794768899375096e-10,up
50,57,2.2355178878107797e-09,up
50,59,9.623171480709995e-10,down
51,1,3.066554029918765e-09,up
51,3,1.6296925402140586e-09,down
51,5,8.660854332638996e-10,right
51,6,9.623171480709995e-10,right
51,7,1.069241275634444e-09,down
51,8,9.623171480709995e-10,left
51,9,8.660854332638996e-10,left
51,11,5.595848907384423e-11,right
51,12,6.217609897093803e-11,right
51,13,6.908455441215337e-11,up
51,14,6.217609897093803e-11,left
51,15,5.595848907384423e-11,left
51,17,1.6048737931085005e-10,down
51,18,1.4443864137976506e-10,left
51,19,1.2999477724178856e-10,left
51,21,3.5062400036048654e-14,up
51,22,3.155616003244379e-14,left
51,23,2.840054402919941e-14,left
51,25,1.5093213519421766e-14,up
51,27,1.0369220999147855e-11,right
51,28,1.152135666571984e-11,right
51,29,1.2801507406355377e-11,down
51,31,1.5804330131302933e-11,right
51,32,1.7560366812558812e-11,right
51,33,1.9511518680620903e-11,down
51,35,5.595848907384423e-11,up
51,37,5.682386527644445e-10,right
51,38,6.313762808493828e-10,right
51,39,7.015292009437586e-10,up
51,40,6.313762808493828e-10,left
51,41,5.682386527644445e-10,left
51,43,7.015292009437586e-10,up
51,44,6.313762808493828e-10,left
51,45,5.682386527644445e-10,left
51,46,5.114147874880001e-10,left
51,47,4.6027330873920005e-10,left
51,48,4.142459778652801e-10,left
51,49,3.728213800787521e-10,left
51,50,3.355392420708769e-10,left
51,51,3.019853178637892e-10,left
51,52,2.717867860774103e-10,left
51,53,2.446081074696693e-10,left
51,55,1.2999477724178856e-10,down
51,57,2.011966099029702e-09,up
51,59,1.069241275634444e-09,down
52,1,2.7598986269268886e-09,up
52,3,1.8107694891267317e-09,down
52,7,1.1880458618160488e-09,down
52,9,7.794768899375096e-10,up
52,17,1.7831931034538894e-10,down
52,25,1.358389216747959e-14,up
52,29,1.422389711817264e-11,down
52,33,2.1679465200689892e-11,down
52,35,5.036264016645981e-11,up
52,43,6.313762808493828e-10,up
52,53,2.2014729672270238e-10,up
52,55,1.4443864137976506e-10,down
52,57,1.8107694891267317e-09,up
52,59,1.1880458618160488e-09,down
53,1,2.4839087642341996e-09,up
53,2,2.2355178878107797e-09,left
53,3,2.011966099029702e-09,left
53,4,1.8107694891267317e-09,left
53,5,1.6296925402140586e-09,left
53,6,1.4667232861926527e-09,left
53,7,1.3200509575733874e-09,left
53,9,7.015292009437586e-10,up
53,11,3.728213800787521e-10,down
53,12,3.355392420708769e-10,left
53,13,3.019853178637892e-10,left
53,14,2.717867860774103e-10,left
53,15,2.446081074696693e-10,left
53,16,2.2014729672270238e-10,left
53,17,1.9813256705043215e-10,left
53,18,1.7831931034538894e-10,left
53,19,1.6048737931085005e-10,left
53,20,1.4443864137976506e-10,left
53,21,1.2999477724178856e-10,left
53,22,1.169952995176097e-10,left
53,23,1.0529576956584874e-10,left
53,25,1.2225502950731631e-14,up
53,26,1.1002952655658468e-14,left
53,27,9.902657390092622e-15,left
53,29,1.5804330131302933e-11,right
53,30,1.7560366812558812e-11,right
53,31,1.9511518680620903e-11,right
53,32,2.1679465200689892e-11,right
53,33,2.4088294667433213e-11,down
53,35,4.532637614981383e-11,up
53,37,3.019853178637892e-10,right
53,38,3.355392420708769e-10,right
53,39,3.728213800787521e-10,right
53,40,4.142459778652801e-10,right
53,41,4.6027330873920005e-10,right
53,42,5.114147874880001e-10,right
53,43,5.682386527644445e-10,up
53,44,5.114147874880001e-10,left
53,45,4.6027330873920005e-10,left
53,47,1.0529576956584874e-10,right
53,48,1.169952995176097e-10,right
53,49,1.2999477724178856e-10,right
53,50,1.4443864137976506e-10,right
53,51,1.6048737931085005e-10,right
53,52,1.7831931034538894e-10,right
53,53,1.9813256705043215e-10,up
53,54,1.7831931034538894e-10,left
53,55,1.6048737931085005e-10,left
53,57,1.6296925402140586e-09,up
53,58,1.4667232861926527e-09,left
53,59,1.3200509575733874e-09,left
54,1,2.2355178878107797e-09,up
54,7,1.1880458618160488e-09,up
54,9,6.313762808493828e-10,up
54,11,4.142459778652801e-10,down
54,21,1.169952995176097e-10,up
54,27,8.91239165108336e-15,up
54,29,1.422389711817264e-11,up
54,33,2.676477185270357e-11,down
54,35,4.0793738534832445e-11,up
54,37,2.717867860774103e-10,up
54,45,4.142459778652801e-10,up
54,47,9.476619260926387e-11,up
54,49,1.169952995176097e-10,up
55,1,2.011966099029702e-09,up
55,2,1.8107694891267317e-09,left
55,3,1.6296925402140586e-09,left
55,4,1.4667232861926527e-09,left
55,5,1.3200509575733874e-09,left
55,7,1.069241275634444e-09,up
55,9,5.682386527644445e-10,up
55,10,5.114147874880001e-10,left
55,11,4.6027330873920005e-10,left
55,13,1.9511518680620903e-11,down
55,14,1.7560366812558812e-11,left
55,15,1.5804330131302933e-11,left
55,16,1.422389711817264e-11,left
55,17,1.2801507406355377e-11,left
55,18,1.152135666571984e-11,left
55,19,1.0369220999147855e-11,left
55,21,1.0529576956584874e-10,up
55,23,1.0369220999147855e-11,down
55,24,9.33229889923307e-12,left
55,25,8.399069009309763e-12,left
55,27,8.021152485975024e-15,up
55,29,1.2801507406355377e-11,up
55,30,1.152135666571984e-11,left
55,31,1.0369220999147855e-11,left
55,33,2.9738635391892854e-11,right
55,34,3.304292821321428e-11,right
55,35,3.67143646813492e-11,up
55,37,2.446081074696693e-10,up
55,39,1.5804330131302933e-11,right
55,40,1.7560366812558812e-11,right
55,41,1.9511518680620903e-11,right
55,42,2.1679465200689892e-11,right
55,43,2.4088294667433213e-11,down
55,45,3.728213800787521e-10,up
55,47,8.528957334833748e-11,up
55,49,1.0529576956584874e-10,up
55,51,2.4088294667433213e-11,right
55,52,2.676477185270357e-11,right
55,53,2.9738635391892854e-11,right
55,54,3.304292821321428e-11,right
55,55,3.67143646813492e-11,down
55,56,3.304292821321428e-11,left
55,57,2.9738635391892854e-11,left
55,58,2.676477185270357e-11,left
55,59,2.4088294667433213e-11,left
56,3,1.4667232861926527e-09,up
56,5,1.1880458618160488e-09,up
56,13,2.1679465200689892e-11,down
56,21,9.476619260926387e-11,up
56,23,1.152135666571984e-11,down
56,25,7.559162108378787e-12,up
56,27,7.219037237377521e-15,up
56,31,9.33229889923307e-12,up
56,37,2.2014729672270238e-10,up
56,39,1.422389711817264e-11,up
56,43,2.676477185270357e-11,down
56,47,7.676061601350373e-11,up
56,49,9.476619260926387e-11,up
56,55,4.0793738534832445e-11,down
56,59,2.1679465200689892e-11,up
57,1,1.069241275634444e-09,right
57,2,1.1880458618160488e-09,right
57,3,1.3200509575733874e-09,up
57,5,1.069241275634444e-09,up
57,6,9.623171480709995e-10,left
57,7,8.660854332638996e-10,left
57,9,4.6027330873920005e-10,down
57,10,4.142459778652801e-10,left
57,11,3.728213800787521e-10,left
57,13,2.4088294667433213e-11,down
57,15,4.532637614981383e-11,right
57,16,5.036264016645981e-11,right
57,17,5.595848907384423e-11,right
57,18,6.217609897093803e-11,right
57,19,6.908455441215337e-11,right
57,20,7.676061601350373e-11,right
57,21,8.528957334833748e-11,up
57,23,1.2801507406355377e-11,down
57,25,6.803245897540909e-12,up
57,27,6.4971335136397696e-15,up
57,28,5.8474201622757926e-15,left
57,29,5.262678146048213e-15,left
57,31,8.399069009309763e-12,up
57,33,1.2999477724178856e-10,right
57,34,1.4443864137976506e-10,right
57,35,1.6048737931085005e-10,right
57,36,1.7831931034538894e-10,right
57,37,1.9813256705043215e-10,up
57,39,1.2801507406355377e-11,up
57,40,1.152135666571984e-11,left
57,41,1.0369220999147855e-11,left
57,43,2.9738635391892854e-11,right
57,44,3.304292821321428e-11,right
57,45,3.67143646813492e-11,down
57,47,6.908455441215337e-11,up
57,49,8.528957334833748e-11,up
57,50,7.676061601350373e-11,left
57,51,6.908455441215337e-11,left
57,52,6.217609897093803e-11,left
57,53,5.595848907384423e-11,left
57,54,5.036264016645981e-11,left
57,55,4.532637614981383e-11,left
57,57,1.5804330131302933e-11,right
57,58,1.7560366812558812e-11,right
57,59,1.9511518680620903e-11,up
58,1,9.623171480709995e-10,up
58,7,7.794768899375096e-10,up
58,9,5.114147874880001e-10,down
58,11,3.355392420708769e-10,up
58,13,2.676477185270357e-11,down
58,15,4.0793738534832445e-11,up
58,23,1.422389711817264e-11,down
58,25,6.1229213077868184e-12,up
58,29,4.736410331443392e-15,up
58,33,1.169952995176097e-10,up
58,35,1.4443864137976506e-10,up
58,41,9.33229889923307e-12,up
58,45,4.0793738534832445e-11,down
58,49,7.676061601350373e-11,up
58,51,6.217609897093803e-11,up
58,57,1.422389711817264e-11,up
59,1,8.660854332638996e-10,up
59,2,7.794768899375096e-10,left
59,3,7.015292009437586e-10,left
59,4,6.313762808493828e-10,left
59,5,5.682386527644445e-10,left
59,7,7.015292009437586e-10,up
59,8,6.313762808493828e-10,left
59,9,5.682386527644445e-10,left
59,11,3.019853178637892e-10,up
59,13,2.9738635391892854e-11,right
59,14,3.304292821321428e-11,right
59,15,3.67143646813492e-11,up
59,16,3.304292821321428e-11,left
59,17,2.9738635391892854e-11,left
59,18,2.676477185270357e-11,left
59,19,2.4088294667433213e-11,left
59,20,2.1679465200689892e-11,left
59,21,1.9511518680620903e-11,left
59,22,1.7560366812558812e-11,left
59,23,1.5804330131302933e-11,left
59,25,5.510629177008137e-12,up
59,26,4.959566259307324e-12,left
59,27,4.463609633376592e-12,left
59,29,4.262769298299053e-15,up
59,30,3.836492368469148e-15,left
59,31,3.4528431316222334e-15,left
59,33,1.0529576956584874e-10,up
59,35,1.2999477724178856e-10,up
59,36,1.169952995176097e-10,left
59,37,1.0529576956584874e-10,left
59,38,9.476619260926387e-11,left
59,39,8.528957334833748e-11,left
59,41,8.399069009309763e-12,up
59,42,7.559162108378787e-12,left
59,43,6.803245897540909e-12,left
59,45,4.532637614981383e-11,right
59,46,5.036264016645981e-11,right
59,47,5.595848907384423e-11,right
59,48,6.217609897093803e-11,right
59,49,6.908455441215337e-11,up
59,51,5.595848907384423e-11,up
59,52,5.036264016645981e-11,left
59,53,4.532637614981383e-11,left
59,54,4.0793738534832445e-11,left
59,55,3.67143646813492e-11,left
59,57,1.2801507406355377e-11,up
59,58,1.152135666571984e-11,left
59,59,1.0369220999147855e-11,left
