0;29;10.0;down
1;1;3.222590161993058e-12;right
1;2;3.580655735547842e-12;right
1;3;3.9785063728309354e-12;down
1;5;4.911736262754241e-12;right
1;6;5.457484736393601e-12;right
1;7;6.063871929326224e-12;down
1;8;5.457484736393601e-12;left
1;9;4.911736262754241e-12;left
1;11;2.610298031214377e-12;down
1;12;2.3492682280929393e-12;left
1;13;2.1143414052836453e-12;left
1;14;1.902907264755281e-12;left
1;15;1.7126165382797529e-12;left
1;16;1.5413548844517775e-12;left
1;17;1.3872193960065999e-12;left
1;19;1.350851717672992;right
1;20;1.5009463529699911;right
1;21;1.6677181699666568;right
1;22;1.853020188851841;right
1;23;2.05891132094649;right
1;24;2.2876792454961;right
1;25;2.541865828329;down
1;27;4.7829690000000005;down
1;29;9.0;up
1;30;8.1;left
1;31;7.29;left
1;33;1.0941898913151236;right
1;34;1.2157665459056928;right
1;35;1.350851717672992;right
1;36;1.5009463529699911;right
1;37;1.6677181699666568;down
1;38;1.5009463529699911;left
1;39;1.350851717672992;left
1;40;1.2157665459056928;left
1;41;1.0941898913151236;left
1;42;0.9847709021836112;left
1;43;0.88629381196525;left
1;44;0.7976644307687251;left
1;45;0.7178979876918525;left
1;46;0.6461081889226673;left
1;47;0.5814973700304006;left
1;48;0.5233476330273605;left
1;49;0.47101286972462447;left
1;50;0.423911582752162;left
1;51;0.38152042447694584;left
1;52;0.34336838202925124;left
1;53;0.30903154382632614;left
1;54;0.27812838944369356;left
1;55;0.2503155504993242;left
1;56;0.2252839954493918;left
1;57;0.2027555959044526;left
1;58;0.18248003631400736;left
1;59;0.16423203268260664;left
2;1;2.900331145793752e-12;up
2;3;4.420562636478817e-12;down
2;7;6.737635477029137e-12;down
2;9;4.420562636478817e-12;up
2;11;2.900331145793752e-12;down
2;15;1.5413548844517775e-12;up
2;19;1.2157665459056928;up
2;25;2.82429536481;down
2;27;5.3144100000000005;down
2;29;8.1;up
2;31;6.561;up
2;37;1.853020188851841;down
2;51;0.34336838202925124;up
3;1;2.610298031214377e-12;up
3;3;4.911736262754241e-12;right
3;4;5.457484736393601e-12;right
3;5;6.063871929326224e-12;right
3;6;6.737635477029137e-12;right
3;7;7.486261641143486e-12;down
3;9;3.9785063728309354e-12;up
3;10;3.580655735547842e-12;left
3;11;3.222590161993058e-12;left
3;13;3.173513021193935e-13;down
3;15;1.3872193960065999e-12;up
3;16;1.2484974564059398e-12;left
3;17;1.123647710765346e-12;left
3;19;1.0941898913151236;up
3;21;0.2503155504993242;right
3;22;0.27812838944369356;right
3;23;0.30903154382632614;down
3;25;3.1381059609000004;down
3;27;5.9049000000000005;right
3;28;6.561;right
3;29;7.29;up
3;31;5.9049000000000005;up
3;32;5.3144100000000005;left
3;33;4.7829690000000005;left
3;35;2.541865828329;down
3;36;2.2876792454961;left
3;37;2.05891132094649;left
3;39;0.0003643538942055904;down
3;41;0.0006855961324127992;right
3;42;0.0007617734804586657;right
3;43;0.0008464149782874062;right
3;44;0.0009404610869860069;right
3;45;0.0010449567633177854;down
3;47;0.004567759074507748;right
3;48;0.005075287860564165;right
3;49;0.005639208733960182;down
3;51;0.30903154382632614;up
3;52;0.27812838944369356;left
3;53;0.2503155504993242;left
3;54;0.2252839954493918;left
3;55;0.2027555959044526;left
3;56;0.18248003631400736;left
3;57;0.16423203268260664;left
3;58;0.14780882941434598;left
3;59;0.13302794647291138;left
4;1;2.3492682280929393e-12;up
4;7;8.318068490159428e-12;down
4;13;3.526125579104372e-13;down
4;17;1.0112829396888114e-12;up
4;19;0.9847709021836112;up
4;23;0.34336838202925124;down
4;25;3.4867844010000004;down
4;27;5.3144100000000005;up
4;33;4.3046721;up
4;35;2.82429536481;down
4;39;0.0004048376602284338;down
4;41;0.0006170365191715193;up
4;45;0.0011610630703530948;down
4;47;0.004110983167056974;up
4;49;0.00626578748217798;down
4;59;0.11972515182562025;up
5;1;2.1143414052836453e-12;up
5;2;1.902907264755281e-12;left
5;3;1.7126165382797529e-12;left
5;5;3.9179173101159687e-13;down
5;7;9.242298322399365e-12;right
5;8;1.0269220358221516e-11;right
5;9;1.1410244842468351e-11;right
5;10;1.2678049824964835e-11;right
5;11;1.4086722027738705e-11;down
5;13;3.9179173101159687e-13;right
5;14;4.3532414556844094e-13;right
5;15;4.836934950760455e-13;down
5;17;9.101546457199302e-13;up
5;19;0.88629381196525;up
5;20;0.7976644307687251;left
5;21;0.7178979876918525;left
5;23;0.38152042447694584;down
5;25;3.8742048900000006;right
5;26;4.3046721;right
5;27;4.7829690000000005;up
5;29;1.0941898913151236;down
5;30;0.9847709021836112;left
5;31;0.88629381196525;left
5;33;3.8742048900000006;up
5;34;3.4867844010000004;left
5;35;3.1381059609000004;left
5;37;0.0003643538942055904;right
5;38;0.0004048376602284338;right
5;39;0.0004498196224760375;right
5;40;0.0004997995805289306;right
5;41;0.0005553328672543673;up
5;43;0.0015926791088519817;down
5;44;0.0014334111979667837;left
5;45;0.0012900700781701053;left
5;47;0.0036998848503512764;up
5;49;0.006961986091308867;down
5;51;0.005639208733960182;down
5;53;0.0246503470495807;right
5;54;0.02738927449953411;right
5;55;0.030432527221704565;down
5;57;0.08727963568087717;right
5;58;0.0969773729787524;right
5;59;0.10775263664305823;up
6;3;1.5413548844517775e-12;up
6;5;4.3532414556844094e-13;down
6;7;8.318068490159428e-12;up
6;11;1.5651913364154117e-11;down
6;15;5.374372167511617e-13;down
6;17;8.191391811479372e-13;up
6;19;0.7976644307687251;up
6;21;0.6461081889226673;up
6;23;0.423911582752162;down
6;27;4.3046721;up
6;29;1.2157665459056928;down
6;31;0.7976644307687251;up
6;35;2.82429536481;up
6;37;0.0003279185047850314;up
6;43;0.0017696434542799797;down
6;47;0.003329896365316149;up
6;49;0.007735540101454296;down
6;51;0.00626578748217798;down
6;53;0.02218531234462263;up
6;55;0.03381391913522729;down
6;57;0.07855167211278945;up
6;59;0.0969773729787524;up
7;1;1.123647710765346e-12;right
7;2;1.2484974564059398e-12;right
7;3;1.3872193960065999e-12;up
7;5;4.836934950760455e-13;down
7;7;7.486261641143486e-12;up
7;8;6.737635477029137e-12;left
7;9;6.063871929326224e-12;left
7;11;1.739101484906013e-11;right
7;12;1.9323349832289033e-11;right
7;13;2.147038870254337e-11;down
7;15;5.971524630568463e-13;right
7;16;6.635027367298292e-13;right
7;17;7.372252630331435e-13;up
7;19;0.7178979876918525;up
7;21;0.5814973700304006;up
7;22;0.5233476330273605;left
7;23;0.47101286972462447;left
7;25;3.1381059609000004;right
7;26;3.4867844010000004;right
7;27;3.8742048900000006;up
7;29;1.350851717672992;down
7;31;0.7178979876918525;up
7;33;2.05891132094649;right
7;34;2.2876792454961;right
7;35;2.541865828329;up
7;37;0.0002951266543065283;up
7;38;0.00026561398887587544;left
7;39;0.0002390525899882879;left
7;41;0.00012704234747596573;down
7;43;0.001966270504755533;right
7;44;0.0021847450052839253;right
7;45;0.0024274944503154725;right
7;46;0.0026972160559060807;right
7;47;0.002996906728784534;up
7;49;0.00859504455717144;down
7;50;0.007735540101454296;left
7;51;0.006961986091308867;left
7;53;0.01996678111016037;up
7;55;0.037571021261363656;down
7;57;0.0706965049015105;up
7;59;0.08727963568087717;up
8;1;1.0112829396888114e-12;up
8;5;5.374372167511617e-13;down
8;7;6.737635477029137e-12;up
8;13;2.385598744727041e-11;down
8;25;2.82429536481;up
8;29;1.5009463529699911;down
8;31;0.6461081889226673;up
8;39;0.0002151473309894591;up
8;41;0.00014115816386218414;down
8;49;0.009550049507968268;down
8;53;0.017970102999144335;up
8;55;0.041745579179292946;down
8;57;0.06362685441135946;up
8;59;0.07855167211278945;up
9;1;9.101546457199302e-13;up
9;2;8.191391811479372e-13;left
9;3;7.372252630331435e-13;left
9;4;6.635027367298292e-13;left
9;5;5.971524630568463e-13;left
9;7;6.063871929326224e-12;up
9;9;4.0400324217633504e-11;down
9;10;3.636029179587016e-11;left
9;11;3.2724262616283144e-11;left
9;12;2.945183635465483e-11;left
9;13;2.6506652719189347e-11;left
9;15;0.04638397686588105;right
9;16;0.05153775207320116;right
9;17;0.05726416897022351;right
9;18;0.06362685441135946;right
9;19;0.0706965049015105;right
9;20;0.07855167211278945;right
9;21;0.08727963568087717;down
9;23;2.05891132094649;right
9;24;2.2876792454961;right
9;25;2.541865828329;up
9;26;2.2876792454961;left
9;27;2.05891132094649;left
9;28;1.853020188851841;left
9;29;1.6677181699666568;left
9;31;0.5814973700304006;up
9;33;9.677749120240559e-09;down
9;34;8.709974208216502e-09;left
9;35;7.838976787394852e-09;left
9;36;7.055079108655367e-09;left
9;37;6.34957119778983e-09;left
9;39;0.0001936325978905132;up
9;40;0.00017426933810146187;left
9;41;0.0001568424042913157;left
9;43;3.5880511311095144e-05;right
9;44;3.9867234790105716e-05;right
9;45;4.4296927544561907e-05;down
9;46;3.9867234790105716e-05;left
9;47;3.5880511311095144e-05;left
9;49;0.010611166119964741;right
9;50;0.0117901845777386;right
9;51;0.013100205086376222;right
9;52;0.014555783429306914;right
9;53;0.016173092699229903;up
9;55;0.04638397686588105;right
9;56;0.05153775207320116;right
9;57;0.05726416897022351;up
9;59;0.0706965049015105;up
10;7;5.457484736393601e-12;up
10;9;4.4889249130703893e-11;down
10;13;2.385598744727041e-11;up
10;15;0.041745579179292946;up
10;21;0.0969773729787524;down
10;31;0.5233476330273605;up
10;33;1.0753054578045064e-08;down
10;37;5.714614078010847e-09;up
10;41;0.00014115816386218414;up
10;45;4.9218808382846565e-05;down
10;47;3.229246017998563e-05;up
10;51;0.0117901845777386;up
11;1;3.2724262616283144e-11;right
11;2;3.636029179587016e-11;right
11;3;4.0400324217633504e-11;right
11;4;4.4889249130703893e-11;right
11;5;4.987694347855988e-11;down
11;7;4.911736262754241e-12;up
11;9;4.987694347855988e-11;down
11;11;1.739101484906013e-11;right
11;12;1.9323349832289033e-11;right
11;13;2.147038870254337e-11;up
11;15;0.037571021261363656;up
11;16;0.03381391913522729;left
11;17;0.030432527221704565;left
11;19;0.08727963568087717;right
11;20;0.0969773729787524;right
11;21;0.10775263664305823;right
11;22;0.11972515182562025;right
11;23;0.13302794647291138;right
11;24;0.14780882941434598;right
11;25;0.16423203268260664;down
11;27;0.2027555959044526;down
11;29;0.38152042447694584;right
11;30;0.423911582752162;right
11;31;0.47101286972462447;up
11;33;1.1947838420050071e-08;right
11;34;1.3275376022277857e-08;right
11;35;1.4750417802530952e-08;down
11;37;5.143152670209763e-09;up
11;38;4.628837403188787e-09;left
11;39;4.165953662869909e-09;left
11;41;0.00012704234747596573;up
11;42;0.00011433811272836916;left
11;43;0.00010290430145553225;left
11;45;5.4687564869829514e-05;down
11;47;2.906321416198707e-05;up
11;48;2.6156892745788365e-05;left
11;49;2.354120347120953e-05;left
11;51;0.010611166119964741;up
11;53;0.005639208733960182;down
11;54;0.005075287860564165;left
11;55;0.004567759074507748;left
11;56;0.004110983167056974;left
11;57;0.0036998848503512764;left
11;58;0.003329896365316149;left
11;59;0.002996906728784534;left
12;5;5.541882608728876e-11;down
12;9;5.541882608728876e-11;down
12;11;1.5651913364154117e-11;up
12;17;0.02738927449953411;up
12;25;0.18248003631400736;down
12;27;0.2252839954493918;down
12;29;0.34336838202925124;up
12;35;1.638935311392328e-08;down
12;39;3.749358296582918e-09;up
12;43;9.261387130997903e-05;up
12;45;6.076396096647724e-05;down
12;47;2.6156892745788365e-05;up
12;51;0.009550049507968268;up
12;53;0.00626578748217798;down
12;59;0.0026972160559060807;up
13;1;4.0400324217633504e-11;right
13;2;4.4889249130703893e-11;right
13;3;4.987694347855988e-11;down
13;5;6.157647343032084e-11;down
13;7;7.602033756829732e-11;down
13;8;6.84183038114676e-11;left
13;9;6.157647343032084e-11;left
13;11;1.4086722027738705e-11;up
13;13;7.486261641143486e-12;down
13;14;6.737635477029137e-12;left
13;15;6.063871929326224e-12;left
13;17;0.0246503470495807;up
13;18;0.02218531234462263;left
13;19;0.01996678111016037;left
13;20;0.017970102999144335;left
13;21;0.016173092699229903;left
13;22;0.014555783429306914;left
13;23;0.013100205086376222;left
13;25;0.2027555959044526;right
13;26;0.2252839954493918;right
13;27;0.2503155504993242;right
13;28;0.27812838944369356;right
13;29;0.30903154382632614;up
13;31;2.7755513410766107e-08;down
13;32;2.4979962069689497e-08;left
13;33;2.2481965862720548e-08;left
13;34;2.0233769276448492e-08;left
13;35;1.8210392348803643e-08;left
13;37;2.7332821982089474e-09;right
13;38;3.0369802202321637e-09;right
13;39;3.374422466924626e-09;up
13;41;6.751551218497471e-05;right
13;42;7.501723576108301e-05;right
13;43;8.335248417898113e-05;up
13;44;7.501723576108301e-05;left
13;45;6.751551218497471e-05;left
13;47;2.354120347120953e-05;up
13;48;2.1187083124088578e-05;left
13;49;1.906837481167972e-05;left
13;51;0.00859504455717144;up
13;52;0.007735540101454296;left
13;53;0.006961986091308867;left
13;55;0.0015926791088519817;right
13;56;0.0017696434542799797;right
13;57;0.001966270504755533;right
13;58;0.0021847450052839253;right
13;59;0.0024274944503154725;up
14;1;3.636029179587016e-11;up
14;3;5.541882608728876e-11;down
14;5;6.84183038114676e-11;down
14;7;8.446704174255258e-11;down
14;11;1.2678049824964835e-11;up
14;13;8.318068490159428e-12;down
14;15;5.457484736393601e-12;up
14;23;0.0117901845777386;up
14;31;3.0839459345295674e-08;down
14;49;1.716153733051175e-05;up
14;55;0.0014334111979667837;up
15;1;3.2724262616283144e-11;up
15;3;6.157647343032084e-11;right
15;4;6.84183038114676e-11;right
15;5;7.602033756829732e-11;right
15;6;8.446704174255258e-11;right
15;7;9.38522686028362e-11;right
15;8;1.0428029844759577e-10;right
15;9;1.1586699827510641e-10;down
15;11;1.1410244842468351e-11;up
15;12;1.0269220358221516e-11;left
15;13;9.242298322399365e-12;left
15;15;4.911736262754241e-12;up
15;16;4.420562636478817e-12;left
15;17;3.9785063728309354e-12;left
15;18;3.580655735547842e-12;left
15;19;3.222590161993058e-12;left
15;20;2.900331145793752e-12;left
15;21;2.610298031214377e-12;left
15;23;0.010611166119964741;up
15;24;0.009550049507968268;left
15;25;0.00859504455717144;left
15;27;5.2226895197709816e-08;down
15;28;4.700420567793884e-08;left
15;29;4.2303785110144955e-08;left
15;30;3.807340659913046e-08;left
15;31;3.426606593921742e-08;left
15;33;6.447764839223434e-08;right
15;34;7.164183154692704e-08;right
15;35;7.960203505214115e-08;down
15;37;1.5445383597460578e-05;right
15;38;1.716153733051175e-05;right
15;39;1.906837481167972e-05;right
15;40;2.1187083124088578e-05;right
15;41;2.354120347120953e-05;right
15;42;2.6156892745788365e-05;right
15;43;2.906321416198707e-05;down
15;45;1.0133716178293886e-05;right
15;46;1.1259684642548761e-05;right
15;47;1.2510760713943068e-05;right
15;48;1.390084523771452e-05;right
15;49;1.5445383597460578e-05;up
15;51;0.0001568424042913157;right
15;52;0.00017426933810146187;right
15;53;0.0001936325978905132;down
15;55;0.0012900700781701053;up
15;56;0.0011610630703530948;left
15;57;0.0010449567633177854;left
15;58;0.0009404610869860069;left
15;59;0.0008464149782874062;left
16;1;2.945183635465483e-11;up
16;9;1.2874110919456268e-10;down
16;25;0.007735540101454296;up
16;27;5.802988355301091e-08;down
16;35;8.844670561349016e-08;down
16;37;1.390084523771452e-05;up
16;43;3.229246017998563e-05;down
16;51;0.00014115816386218414;up
16;53;0.0002151473309894591;down
16;59;0.0007617734804586657;up
17;1;2.6506652719189347e-11;up
17;2;2.385598744727041e-11;left
17;3;2.147038870254337e-11;left
17;5;1.430456768828474e-10;down
17;6;1.2874110919456268e-10;left
17;7;1.1586699827510641e-10;left
17;9;1.430456768828474e-10;right
17;10;1.5893964098094157e-10;right
17;11;1.7659960108993507e-10;down
17;12;1.5893964098094157e-10;left
17;13;1.430456768828474e-10;left
17;15;0.0015926791088519817;right
17;16;0.0017696434542799797;right
17;17;0.001966270504755533;right
17;18;0.0021847450052839253;right
17;19;0.0024274944503154725;right
17;20;0.0026972160559060807;right
17;21;0.002996906728784534;down
17;23;0.0036998848503512764;down
17;25;0.006961986091308867;up
17;27;6.447764839223434e-08;right
17;28;7.164183154692704e-08;right
17;29;7.960203505214115e-08;right
17;30;8.844670561349016e-08;right
17;31;9.82741173483224e-08;right
17;32;1.0919346372035823e-07;right
17;33;1.2132607080039804e-07;down
17;35;9.82741173483224e-08;down
17;37;1.2510760713943068e-05;up
17;38;1.1259684642548761e-05;left
17;39;1.0133716178293886e-05;left
17;40;9.120344560464498e-06;left
17;41;8.208310104418049e-06;left
17;43;3.5880511311095144e-05;right
17;44;3.9867234790105716e-05;right
17;45;4.4296927544561907e-05;right
17;46;4.9218808382846565e-05;right
17;47;5.4687564869829514e-05;right
17;48;6.076396096647724e-05;right
17;49;6.751551218497471e-05;down
17;51;0.00012704234747596573;up
17;53;0.0002390525899882879;right
17;54;0.00026561398887587544;right
17;55;0.0002951266543065283;down
17;57;0.0005553328672543673;right
17;58;0.0006170365191715193;right
17;59;0.0006855961324127992;up
18;3;1.9323349832289033e-11;up
18;5;1.5893964098094157e-10;down
18;7;1.0428029844759577e-10;up
18;11;1.9622177898881675e-10;down
18;15;0.0014334111979667837;up
18;21;0.003329896365316149;down
18;23;0.004110983167056974;down
18;25;0.00626578748217798;up
18;27;5.802988355301091e-08;up
18;33;1.348067453337756e-07;down
18;35;1.0919346372035823e-07;down
18;39;9.120344560464498e-06;up
18;49;7.501723576108301e-05;down
18;51;0.00011433811272836916;up
18;55;0.0003279185047850314;down
18;57;0.0004997995805289306;up
18;59;0.0006170365191715193;up
19;1;3.9785063728309354e-12;down
19;3;1.739101484906013e-11;up
19;5;1.7659960108993507e-10;down
19;7;9.38522686028362e-11;up
19;8;8.446704174255258e-11;left
19;9;7.602033756829732e-11;left
19;11;2.1802419887646305e-10;right
19;12;2.422491098627367e-10;right
19;13;2.69165677625263e-10;down
19;15;0.0012900700781701053;up
19;16;0.0011610630703530948;left
19;17;0.0010449567633177854;left
19;19;0.002996906728784534;right
19;20;0.003329896365316149;right
19;21;0.0036998848503512764;right
19;22;0.004110983167056974;right
19;23;0.004567759074507748;right
19;24;0.005075287860564165;right
19;25;0.005639208733960182;up
19;27;5.2226895197709816e-08;up
19;29;3.4795977280844225e-07;down
19;30;3.13163795527598e-07;left
19;31;2.818474159748382e-07;left
19;33;1.49785272593084e-07;down
19;34;1.348067453337756e-07;left
19;35;1.2132607080039804e-07;left
19;37;6.648731184578619e-06;right
19;38;7.387479093976244e-06;right
19;39;8.208310104418049e-06;up
19;40;7.387479093976244e-06;left
19;41;6.648731184578619e-06;left
19;42;5.983858066120758e-06;left
19;43;5.385472259508682e-06;left
19;45;2.862060763065554e-06;down
19;46;2.5758546867589986e-06;left
19;47;2.318269218083099e-06;left
19;49;8.335248417898113e-05;right
19;50;9.261387130997903e-05;right
19;51;0.00010290430145553225;up
19;52;9.261387130997903e-05;left
19;53;8.335248417898113e-05;left
19;55;0.0003643538942055904;right
19;56;0.0004048376602284338;right
19;57;0.0004498196224760375;up
19;59;0.0005553328672543673;up
20;1;4.420562636478817e-12;down
20;3;1.5651913364154117e-11;up
20;5;1.9622177898881675e-10;down
20;9;6.84183038114676e-11;up
20;13;2.990729751391811e-10;down
20;17;0.0009404610869860069;up
20;21;0.003329896365316149;up
20;29;3.8662196978715804e-07;down
20;31;2.5366267437735436e-07;up
20;33;1.6642808065898222e-07;down
20;43;4.846925033557814e-06;up
20;45;3.180067514517282e-06;down
20;47;2.086442296274789e-06;up
20;59;0.0004997995805289306;up
21;1;4.911736262754241e-12;down
21;3;1.4086722027738705e-11;up
21;5;2.1802419887646305e-10;down
21;7;4.987694347855988e-11;right
21;8;5.541882608728876e-11;right
21;9;6.157647343032084e-11;up
21;11;2.69165677625263e-10;down
21;13;3.323033057102012e-10;right
21;14;3.692258952335569e-10;right
21;15;4.102509947039521e-10;down
21;17;0.0008464149782874062;up
21;18;0.0007617734804586657;left
21;19;0.0006855961324127992;left
21;21;0.002996906728784534;up
21;22;0.0026972160559060807;left
21;23;0.0024274944503154725;left
21;24;0.0021847450052839253;left
21;25;0.001966270504755533;left
21;27;5.303456375681179e-07;down
21;28;4.773110738113062e-07;left
21;29;4.295799664301756e-07;left
21;31;2.2829640693961893e-07;up
21;32;2.0546676624565705e-07;left
21;33;1.8492008962109135e-07;left
21;35;8.083304946930618e-07;right
21;36;8.98144994103402e-07;right
21;37;9.979388823371132e-07;right
21;38;1.1088209803745702e-06;right
21;39;1.2320233115273002e-06;down
21;41;3.533408349463647e-06;right
21;42;3.92600927718183e-06;right
21;43;4.362232530202033e-06;up
21;44;3.92600927718183e-06;left
21;45;3.533408349463647e-06;left
21;47;1.8777980666473102e-06;up
21;48;1.6900182599825792e-06;left
21;49;1.5210164339843212e-06;left
21;50;1.368914790585889e-06;left
21;51;1.2320233115273002e-06;left
21;52;1.1088209803745702e-06;left
21;53;9.979388823371132e-07;left
21;54;8.98144994103402e-07;left
21;55;8.083304946930618e-07;left
21;57;0.0001568424042913157;down
21;59;0.0004498196224760375;up
22;1;5.457484736393601e-12;down
22;3;1.2678049824964835e-11;up
22;5;2.422491098627367e-10;down
22;11;2.990729751391811e-10;down
22;15;4.558344385599468e-10;down
22;19;0.0006170365191715193;up
22;25;0.0017696434542799797;up
22;27;5.892729306312421e-07;down
22;37;8.98144994103402e-07;up
22;39;1.368914790585889e-06;down
22;45;3.180067514517282e-06;up
22;47;1.6900182599825792e-06;up
22;55;7.274974452237556e-07;up
22;57;0.00017426933810146187;down
22;59;0.0004048376602284338;up
23;1;6.063871929326224e-12;down
23;3;1.1410244842468351e-11;up
23;5;2.69165677625263e-10;right
23;6;2.990729751391811e-10;right
23;7;3.323033057102012e-10;down
23;9;4.102509947039521e-10;down
23;10;3.692258952335569e-10;left
23;11;3.323033057102012e-10;left
23;13;6.252872956926567e-10;down
23;14;5.62758566123391e-10;left
23;15;5.06482709511052e-10;left
23;17;1.7659960108993507e-10;down
23;19;0.0005553328672543673;up
23;21;0.0010449567633177854;right
23;22;0.0011610630703530948;right
23;23;0.0012900700781701053;right
23;24;0.0014334111979667837;right
23;25;0.0015926791088519817;up
23;27;6.5474770070138e-07;down
23;29;1.2320233115273002e-06;right
23;30;1.368914790585889e-06;right
23;31;1.5210164339843212e-06;down
23;33;1.2320233115273002e-06;right
23;34;1.368914790585889e-06;right
23;35;1.5210164339843212e-06;down
23;37;8.083304946930618e-07;up
23;39;1.5210164339843212e-06;right
23;40;1.6900182599825792e-06;right
23;41;1.8777980666473102e-06;right
23;42;2.086442296274789e-06;right
23;43;2.318269218083099e-06;right
23;44;2.5758546867589986e-06;right
23;45;2.862060763065554e-06;up
23;47;1.5210164339843212e-06;up
23;49;2.2829640693961893e-07;right
23;50;2.5366267437735436e-07;right
23;51;2.818474159748382e-07;right
23;52;3.13163795527598e-07;right
23;53;3.4795977280844225e-07;down
23;55;6.5474770070138e-07;up
23;57;0.0001936325978905132;down
23;59;0.0003643538942055904;up
24;1;6.737635477029137e-12;down
24;3;1.0269220358221516e-11;up
24;7;3.692258952335569e-10;down
24;9;4.558344385599468e-10;down
24;13;6.947636618807297e-10;down
24;17;1.9622177898881675e-10;down
24;19;0.0004997995805289306;up
24;27;7.274974452237556e-07;down
24;29;1.1088209803745702e-06;up
24;31;1.6900182599825792e-06;down
24;35;1.6900182599825792e-06;down
24;37;7.274974452237556e-07;up
24;49;2.0546676624565705e-07;up
24;53;3.8662196978715804e-07;down
24;55;5.892729306312421e-07;up
24;57;0.0002151473309894591;down
24;59;0.0003279185047850314;up
25;1;7.486261641143486e-12;right
25;2;8.318068490159428e-12;right
25;3;9.242298322399365e-12;up
25;5;3.323033057102012e-10;down
25;7;4.102509947039521e-10;right
25;8;4.558344385599468e-10;right
25;9;5.06482709511052e-10;right
25;10;5.62758566123391e-10;right
25;11;6.252872956926567e-10;right
25;12;6.947636618807297e-10;right
25;13;7.719596243119219e-10;down
25;14;6.947636618807297e-10;left
25;15;6.252872956926567e-10;left
25;17;2.1802419887646305e-10;down
25;19;0.0004498196224760375;up
25;20;0.0004048376602284338;left
25;21;0.0003643538942055904;left
25;22;0.0003279185047850314;left
25;23;0.0002951266543065283;left
25;24;0.00026561398887587544;left
25;25;0.0002390525899882879;left
25;27;8.083304946930618e-07;right
25;28;8.98144994103402e-07;right
25;29;9.979388823371132e-07;up
25;31;1.8777980666473102e-06;right
25;32;2.086442296274789e-06;right
25;33;2.318269218083099e-06;down
25;34;2.086442296274789e-06;left
25;35;1.8777980666473102e-06;left
25;37;6.5474770070138e-07;up
25;38;5.892729306312421e-07;left
25;39;5.303456375681179e-07;left
25;40;4.773110738113062e-07;left
25;41;4.295799664301756e-07;left
25;43;5.143152670209763e-09;right
25;44;5.714614078010847e-09;right
25;45;6.34957119778983e-09;down
25;47;1.49785272593084e-07;right
25;48;1.6642808065898222e-07;right
25;49;1.8492008962109135e-07;up
25;51;3.4795977280844225e-07;right
25;52;3.8662196978715804e-07;right
25;53;4.295799664301756e-07;right
25;54;4.773110738113062e-07;right
25;55;5.303456375681179e-07;up
25;57;0.0002390525899882879;right
25;58;0.00026561398887587544;right
25;59;0.0002951266543065283;up
26;5;3.692258952335569e-10;down
26;13;8.577329159021354e-10;down
26;15;5.62758566123391e-10;up
26;17;2.422491098627367e-10;down
26;25;0.0002151473309894591;up
26;33;2.5758546867589986e-06;down
26;35;1.6900182599825792e-06;up
26;43;4.628837403188787e-09;up
26;45;7.055079108655367e-09;down
26;47;1.348067453337756e-07;up
26;57;0.0002151473309894591;up
27;1;1.1947838420050071e-08;down
27;2;1.0753054578045064e-08;left
27;3;9.677749120240559e-09;left
27;5;4.102509947039521e-10;right
27;6;4.558344385599468e-10;right
27;7;5.06482709511052e-10;right
27;8;5.62758566123391e-10;right
27;9;6.252872956926567e-10;right
27;10;6.947636618807297e-10;right
27;11;7.719596243119219e-10;right
27;12;8.577329159021354e-10;right
27;13;9.53036573224595e-10;down
27;15;5.06482709511052e-10;up
27;17;2.69165677625263e-10;down
27;19;0.00010290430145553225;right
27;20;0.00011433811272836916;right
27;21;0.00012704234747596573;right
27;22;0.00014115816386218414;right
27;23;0.0001568424042913157;right
27;24;0.00017426933810146187;right
27;25;0.0001936325978905132;up
27;27;8.208310104418049e-06;down
27;28;7.387479093976244e-06;left
27;29;6.648731184578619e-06;left
27;31;3.533408349463647e-06;down
27;32;3.180067514517282e-06;left
27;33;2.862060763065554e-06;left
27;35;1.5210164339843212e-06;up
27;36;1.368914790585889e-06;left
27;37;1.2320233115273002e-06;left
27;39;2.7332821982089474e-09;right
27;40;3.0369802202321637e-09;right
27;41;3.374422466924626e-09;right
27;42;3.749358296582918e-09;right
27;43;4.165953662869909e-09;up
27;45;7.838976787394852e-09;down
27;47;1.2132607080039804e-07;up
27;49;6.447764839223434e-08;down
27;51;6.751551218497471e-05;down
27;52;6.076396096647724e-05;left
27;53;5.4687564869829514e-05;left
27;54;4.9218808382846565e-05;left
27;55;4.4296927544561907e-05;left
27;57;0.0001936325978905132;up
27;59;4.165953662869909e-09;down
28;1;1.3275376022277857e-08;down
28;3;8.709974208216502e-09;up
28;5;3.692258952335569e-10;up
28;9;5.62758566123391e-10;up
28;13;1.0589295258051055e-09;down
28;15;4.558344385599468e-10;up
28;17;2.990729751391811e-10;down
28;19;9.261387130997903e-05;up
28;23;0.00014115816386218414;up
28;27;9.120344560464498e-06;down
28;29;5.983858066120758e-06;up
28;31;3.92600927718183e-06;down
28;37;1.1088209803745702e-06;up
28;39;2.4599539783880528e-09;up
28;45;8.709974208216502e-09;down
28;47;1.0919346372035823e-07;up
28;49;7.164183154692704e-08;down
28;51;7.501723576108301e-05;down
28;57;0.00017426933810146187;up
28;59;4.628837403188787e-09;down
29;1;1.4750417802530952e-08;down
29;3;7.838976787394852e-09;up
29;5;3.323033057102012e-10;up
29;6;2.990729751391811e-10;left
29;7;2.69165677625263e-10;left
29;9;5.06482709511052e-10;up
29;10;4.558344385599468e-10;left
29;11;4.102509947039521e-10;left
29;13;1.1765883620056728e-09;down
29;15;4.102509947039521e-10;up
29;16;3.692258952335569e-10;left
29;17;3.323033057102012e-10;left
29;19;8.335248417898113e-05;up
29;20;7.501723576108301e-05;left
29;21;6.751551218497471e-05;left
29;23;0.00012704234747596573;up
29;24;0.00011433811272836916;left
29;25;0.00010290430145553225;left
29;27;1.0133716178293886e-05;down
29;29;5.385472259508682e-06;up
29;30;4.846925033557814e-06;left
29;31;4.362232530202033e-06;left
29;33;6.5474770070138e-07;right
29;34;7.274974452237556e-07;right
29;35;8.083304946930618e-07;right
29;36;8.98144994103402e-07;right
29;37;9.979388823371132e-07;up
29;39;2.2139585805492475e-09;up
29;41;1.4750417802530952e-08;down
29;42;1.3275376022277857e-08;left
29;43;1.1947838420050071e-08;left
29;44;1.0753054578045064e-08;left
29;45;9.677749120240559e-09;left
29;47;9.82741173483224e-08;up
29;48;8.844670561349016e-08;left
29;49;7.960203505214115e-08;left
29;51;8.335248417898113e-05;right
29;52;9.261387130997903e-05;right
29;53;0.00010290430145553225;right
29;54;0.00011433811272836916;right
29;55;0.00012704234747596573;right
29;56;0.00014115816386218414;right
29;57;0.0001568424042913157;up
29;59;5.143152670209763e-09;down
30;1;1.638935311392328e-08;down
30;3;7.055079108655367e-09;up
30;7;2.422491098627367e-10;up
30;13;1.3073204022285252e-09;down
30;25;9.261387130997903e-05;up
30;27;1.1259684642548761e-05;down
30;33;5.892729306312421e-07;up
30;39;1.9925627224943227e-09;up
30;41;1.638935311392328e-08;down
30;49;7.164183154692704e-08;up
30;59;5.714614078010847e-09;down
31;1;1.8210392348803643e-08;down
31;3;6.34957119778983e-09;up
31;4;5.714614078010847e-09;left
31;5;5.143152670209763e-09;left
31;7;2.1802419887646305e-10;up
31;9;2.2139585805492475e-09;down
31;10;1.9925627224943227e-09;left
31;11;1.7933064502448905e-09;left
31;12;1.6139758052204015e-09;left
31;13;1.4525782246983614e-09;left
31;15;1.2510760713943068e-05;down
31;17;2.354120347120953e-05;right
31;18;2.6156892745788365e-05;right
31;19;2.906321416198707e-05;right
31;20;3.229246017998563e-05;right
31;21;3.5880511311095144e-05;down
31;23;6.751551218497471e-05;right
31;24;7.501723576108301e-05;right
31;25;8.335248417898113e-05;up
31;27;1.2510760713943068e-05;right
31;28;1.390084523771452e-05;right
31;29;1.5445383597460578e-05;down
31;31;4.295799664301756e-07;right
31;32;4.773110738113062e-07;right
31;33;5.303456375681179e-07;up
31;35;7.719596243119219e-10;right
31;36;8.577329159021354e-10;right
31;37;9.53036573224595e-10;down
31;39;1.7933064502448905e-09;up
31;41;1.8210392348803643e-08;right
31;42;2.0233769276448492e-08;right
31;43;2.2481965862720548e-08;right
31;44;2.4979962069689497e-08;right
31;45;2.7755513410766107e-08;right
31;46;3.0839459345295674e-08;right
31;47;3.426606593921742e-08;down
31;49;6.447764839223434e-08;up
31;51;2.2481965862720548e-08;down
31;52;2.0233769276448492e-08;left
31;53;1.8210392348803643e-08;left
31;54;1.638935311392328e-08;left
31;55;1.4750417802530952e-08;left
31;56;1.3275376022277857e-08;left
31;57;1.1947838420050071e-08;left
31;59;6.34957119778983e-09;down
32;1;2.0233769276448492e-08;down
32;5;4.628837403188787e-09;up
32;9;2.4599539783880528e-09;down
32;15;1.390084523771452e-05;down
32;17;2.1187083124088578e-05;up
32;21;3.9867234790105716e-05;down
32;23;6.076396096647724e-05;up
32;29;1.716153733051175e-05;down
32;31;3.8662196978715804e-07;up
32;35;6.947636618807297e-10;up
32;37;1.0589295258051055e-09;down
32;39;1.6139758052204015e-09;up
32;41;1.638935311392328e-08;up
32;47;3.807340659913046e-08;down
32;49;5.802988355301091e-08;up
32;51;2.4979962069689497e-08;down
32;55;1.3275376022277857e-08;up
32;59;7.055079108655367e-09;down
33;1;2.2481965862720548e-08;down
33;3;2.7755513410766107e-08;down
33;5;4.165953662869909e-09;up
33;6;3.749358296582918e-09;left
33;7;3.374422466924626e-09;left
33;8;3.0369802202321637e-09;left
33;9;2.7332821982089474e-09;left
33;11;3.4795977280844225e-07;right
33;12;3.8662196978715804e-07;right
33;13;4.295799664301756e-07;down
33;15;1.5445383597460578e-05;right
33;16;1.716153733051175e-05;right
33;17;1.906837481167972e-05;up
33;19;5.303456375681179e-07;down
33;21;4.4296927544561907e-05;right
33;22;4.9218808382846565e-05;right
33;23;5.4687564869829514e-05;up
33;25;2.906321416198707e-05;down
33;26;2.6156892745788365e-05;left
33;27;2.354120347120953e-05;left
33;28;2.1187083124088578e-05;left
33;29;1.906837481167972e-05;left
33;31;3.4795977280844225e-07;up
33;32;3.13163795527598e-07;left
33;33;2.818474159748382e-07;left
33;35;6.252872956926567e-10;up
33;37;1.1765883620056728e-09;right
33;38;1.3073204022285252e-09;right
33;39;1.4525782246983614e-09;up
33;41;1.4750417802530952e-08;up
33;42;1.3275376022277857e-08;left
33;43;1.1947838420050071e-08;left
33;45;3.426606593921742e-08;right
33;46;3.807340659913046e-08;right
33;47;4.2303785110144955e-08;right
33;48;4.700420567793884e-08;right
33;49;5.2226895197709816e-08;up
33;51;2.7755513410766107e-08;down
33;52;2.4979962069689497e-08;left
33;53;2.2481965862720548e-08;left
33;55;1.1947838420050071e-08;up
33;56;1.0753054578045064e-08;left
33;57;9.677749120240559e-09;left
33;58;8.709974208216502e-09;left
33;59;7.838976787394852e-09;left
34;1;2.4979962069689497e-08;down
34;3;3.0839459345295674e-08;down
34;11;3.13163795527598e-07;up
34;13;4.773110738113062e-07;down
34;17;1.716153733051175e-05;up
34;19;5.892729306312421e-07;down
34;23;4.9218808382846565e-05;up
34;25;3.229246017998563e-05;down
34;33;2.5366267437735436e-07;up
34;35;5.62758566123391e-10;up
34;43;1.0753054578045064e-08;up
34;45;3.0839459345295674e-08;up
34;49;4.700420567793884e-08;up
34;51;3.0839459345295674e-08;down
34;53;2.0233769276448492e-08;up
34;57;8.709974208216502e-09;up
35;1;2.7755513410766107e-08;right
35;2;3.0839459345295674e-08;right
35;3;3.426606593921742e-08;down
35;5;4.2303785110144955e-08;right
35;6;4.700420567793884e-08;right
35;7;5.2226895197709816e-08;down
35;9;2.2829640693961893e-07;right
35;10;2.5366267437735436e-07;right
35;11;2.818474159748382e-07;up
35;13;5.303456375681179e-07;down
35;15;1.2510760713943068e-05;right
35;16;1.390084523771452e-05;right
35;17;1.5445383597460578e-05;up
35;19;6.5474770070138e-07;right
35;20;7.274974452237556e-07;right
35;21;8.083304946930618e-07;down
35;23;4.4296927544561907e-05;up
35;24;3.9867234790105716e-05;left
35;25;3.5880511311095144e-05;left
35;26;3.229246017998563e-05;left
35;27;2.906321416198707e-05;left
35;28;2.6156892745788365e-05;left
35;29;2.354120347120953e-05;left
35;30;2.1187083124088578e-05;left
35;31;1.906837481167972e-05;left
35;33;2.2829640693961893e-07;up
35;35;5.06482709511052e-10;up
35;37;2.2139585805492475e-09;down
35;39;1.7933064502448905e-09;down
35;40;1.6139758052204015e-09;left
35;41;1.4525782246983614e-09;left
35;43;9.677749120240559e-09;up
35;45;2.7755513410766107e-08;up
35;47;3.426606593921742e-08;right
35;48;3.807340659913046e-08;right
35;49;4.2303785110144955e-08;up
35;50;3.807340659913046e-08;left
35;51;3.426606593921742e-08;left
35;53;1.8210392348803643e-08;up
35;54;1.638935311392328e-08;left
35;55;1.4750417802530952e-08;left
35;57;7.838976787394852e-09;up
35;58;7.055079108655367e-09;left
35;59;6.34957119778983e-09;left
36;1;2.4979962069689497e-08;up
36;3;3.807340659913046e-08;down
36;5;3.807340659913046e-08;up
36;7;5.802988355301091e-08;down
36;9;2.0546676624565705e-07;up
36;13;5.892729306312421e-07;down
36;15;1.1259684642548761e-05;up
36;21;8.98144994103402e-07;down
36;31;1.716153733051175e-05;up
36;33;2.0546676624565705e-07;up
36;35;4.558344385599468e-10;up
36;37;2.4599539783880528e-09;down
36;39;1.9925627224943227e-09;down
36;43;8.709974208216502e-09;up
36;45;2.4979962069689497e-08;up
36;55;1.3275376022277857e-08;up
37;1;2.2481965862720548e-08;up
37;3;4.2303785110144955e-08;down
37;5;3.426606593921742e-08;up
37;7;6.447764839223434e-08;down
37;9;1.8492008962109135e-07;up
37;11;5.303456375681179e-07;down
37;13;6.5474770070138e-07;down
37;15;1.0133716178293886e-05;up
37;17;1.5210164339843212e-06;down
37;18;1.368914790585889e-06;left
37;19;1.2320233115273002e-06;left
37;20;1.1088209803745702e-06;left
37;21;9.979388823371132e-07;left
37;23;4.362232530202033e-06;right
37;24;4.846925033557814e-06;right
37;25;5.385472259508682e-06;right
37;26;5.983858066120758e-06;right
37;27;6.648731184578619e-06;down
37;29;1.2510760713943068e-05;right
37;30;1.390084523771452e-05;right
37;31;1.5445383597460578e-05;up
37;33;1.8492008962109135e-07;up
37;35;4.102509947039521e-10;up
37;37;2.7332821982089474e-09;down
37;38;2.4599539783880528e-09;left
37;39;2.2139585805492475e-09;left
37;41;6.34957119778983e-09;right
37;42;7.055079108655367e-09;right
37;43;7.838976787394852e-09;up
37;45;2.2481965862720548e-08;up
37;46;2.0233769276448492e-08;left
37;47;1.8210392348803643e-08;left
37;48;1.638935311392328e-08;left
37;49;1.4750417802530952e-08;left
37;51;5.143152670209763e-09;right
37;52;5.714614078010847e-09;right
37;53;6.34957119778983e-09;down
37;55;1.1947838420050071e-08;up
37;57;9.38522686028362e-11;right
37;58;1.0428029844759577e-10;right
37;59;1.1586699827510641e-10;down
38;1;2.0233769276448492e-08;up
38;3;4.700420567793884e-08;down
38;7;7.164183154692704e-08;down
38;9;1.6642808065898222e-07;up
38;11;5.892729306312421e-07;down
38;13;7.274974452237556e-07;down
38;17;1.6900182599825792e-06;down
38;23;3.92600927718183e-06;up
38;27;7.387479093976244e-06;down
38;29;1.1259684642548761e-05;up
38;31;1.390084523771452e-05;up
38;35;3.692258952335569e-10;up
38;37;3.0369802202321637e-09;down
38;41;5.714614078010847e-09;up
38;49;1.3275376022277857e-08;up
38;53;7.055079108655367e-09;down
38;55;1.0753054578045064e-08;up
38;57;8.446704174255258e-11;up
38;59;1.2874110919456268e-10;down
39;1;1.8210392348803643e-08;up
39;3;5.2226895197709816e-08;right
39;4;5.802988355301091e-08;right
39;5;6.447764839223434e-08;right
39;6;7.164183154692704e-08;right
39;7;7.960203505214115e-08;down
39;9;1.49785272593084e-07;up
39;11;6.5474770070138e-07;right
39;12;7.274974452237556e-07;right
39;13;8.083304946930618e-07;right
39;14;8.98144994103402e-07;right
39;15;9.979388823371132e-07;down
39;17;1.8777980666473102e-06;right
39;18;2.086442296274789e-06;right
39;19;2.318269218083099e-06;right
39;20;2.5758546867589986e-06;right
39;21;2.862060763065554e-06;right
39;22;3.180067514517282e-06;right
39;23;3.533408349463647e-06;up
39;25;6.648731184578619e-06;right
39;26;7.387479093976244e-06;right
39;27;8.208310104418049e-06;right
39;28;9.120344560464498e-06;right
39;29;1.0133716178293886e-05;up
39;31;1.2510760713943068e-05;up
39;33;2.69165677625263e-10;right
39;34;2.990729751391811e-10;right
39;35;3.323033057102012e-10;up
39;37;3.374422466924626e-09;right
39;38;3.749358296582918e-09;right
39;39;4.165953662869909e-09;right
39;40;4.628837403188787e-09;right
39;41;5.143152670209763e-09;up
39;43;4.165953662869909e-09;right
39;44;4.628837403188787e-09;right
39;45;5.143152670209763e-09;right
39;46;5.714614078010847e-09;right
39;47;6.34957119778983e-09;down
39;49;1.1947838420050071e-08;up
39;50;1.0753054578045064e-08;left
39;51;9.677749120240559e-09;left
39;53;7.838976787394852e-09;right
39;54;8.709974208216502e-09;right
39;55;9.677749120240559e-09;up
39;57;7.602033756829732e-11;up
39;59;1.430456768828474e-10;down
40;1;1.638935311392328e-08;up
40;7;8.844670561349016e-08;down
40;9;1.348067453337756e-07;up
40;15;1.1088209803745702e-06;down
40;25;5.983858066120758e-06;up
40;31;1.1259684642548761e-05;up
40;33;2.422491098627367e-10;up
40;43;3.749358296582918e-09;up
40;47;7.055079108655367e-09;down
40;49;1.0753054578045064e-08;up
40;51;8.709974208216502e-09;up
40;57;6.84183038114676e-11;up
40;59;1.5893964098094157e-10;down
41;1;1.4750417802530952e-08;up
41;2;1.3275376022277857e-08;left
41;3;1.1947838420050071e-08;left
41;4;1.0753054578045064e-08;left
41;5;9.677749120240559e-09;left
41;7;9.82741173483224e-08;right
41;8;1.0919346372035823e-07;right
41;9;1.2132607080039804e-07;up
41;11;3.2724262616283144e-11;down
41;12;2.945183635465483e-11;left
41;13;2.6506652719189347e-11;left
41;15;1.2320233115273002e-06;right
41;16;1.368914790585889e-06;right
41;17;1.5210164339843212e-06;down
41;19;2.862060763065554e-06;right
41;20;3.180067514517282e-06;right
41;21;3.533408349463647e-06;right
41;22;3.92600927718183e-06;right
41;23;4.362232530202033e-06;right
41;24;4.846925033557814e-06;right
41;25;5.385472259508682e-06;up
41;27;3.173513021193935e-13;right
41;28;3.526125579104372e-13;right
41;29;3.9179173101159687e-13;down
41;31;1.0133716178293886e-05;up
41;33;2.1802419887646305e-10;up
41;34;1.9622177898881675e-10;left
41;35;1.7659960108993507e-10;left
41;36;1.5893964098094157e-10;left
41;37;1.430456768828474e-10;left
41;39;1.4525782246983614e-09;right
41;40;1.6139758052204015e-09;right
41;41;1.7933064502448905e-09;down
41;43;3.374422466924626e-09;up
41;45;5.06482709511052e-10;down
41;47;7.838976787394852e-09;right
41;48;8.709974208216502e-09;right
41;49;9.677749120240559e-09;up
41;51;7.838976787394852e-09;up
41;52;7.055079108655367e-09;left
41;53;6.34957119778983e-09;left
41;54;5.714614078010847e-09;left
41;55;5.143152670209763e-09;left
41;57;6.157647343032084e-11;up
41;59;1.7659960108993507e-10;down
42;5;8.709974208216502e-09;up
42;9;1.0919346372035823e-07;up
42;11;3.636029179587016e-11;down
42;17;1.6900182599825792e-06;down
42;19;2.5758546867589986e-06;up
42;27;2.8561617190745413e-13;up
42;29;4.3532414556844094e-13;down
42;37;1.2874110919456268e-10;up
42;39;1.3073204022285252e-09;up
42;41;1.9925627224943227e-09;down
42;43;3.0369802202321637e-09;up
42;45;5.62758566123391e-10;down
42;49;8.709974208216502e-09;up
42;55;4.628837403188787e-09;up
42;57;5.541882608728876e-11;up
42;59;1.9622177898881675e-10;down
43;1;1.4525782246983614e-09;down
43;2;1.3073204022285252e-09;left
43;3;1.1765883620056728e-09;left
43;5;7.838976787394852e-09;up
43;6;7.055079108655367e-09;left
43;7;6.34957119778983e-09;left
43;9;9.82741173483224e-08;up
43;11;4.0400324217633504e-11;right
43;12;4.4889249130703893e-11;right
43;13;4.987694347855988e-11;right
43;14;5.541882608728876e-11;right
43;15;6.157647343032084e-11;down
43;17;1.8777980666473102e-06;right
43;18;2.086442296274789e-06;right
43;19;2.318269218083099e-06;up
43;21;8.962938115922213e-14;right
43;22;9.958820128802459e-14;right
43;23;1.1065355698669398e-13;down
43;25;2.0821418932053408e-13;right
43;26;2.3134909924503785e-13;right
43;27;2.570545547167087e-13;up
43;29;4.836934950760455e-13;right
43;30;5.374372167511617e-13;right
43;31;5.971524630568463e-13;right
43;32;6.635027367298292e-13;right
43;33;7.372252630331435e-13;right
43;34;8.191391811479372e-13;right
43;35;9.101546457199302e-13;down
43;37;1.1586699827510641e-10;up
43;39;1.1765883620056728e-09;up
43;41;2.2139585805492475e-09;right
43;42;2.4599539783880528e-09;right
43;43;2.7332821982089474e-09;up
43;45;6.252872956926567e-10;down
43;47;6.34957119778983e-09;right
43;48;7.055079108655367e-09;right
43;49;7.838976787394852e-09;up
43;51;1.1765883620056728e-09;down
43;52;1.0589295258051055e-09;left
43;53;9.53036573224595e-10;left
43;55;4.165953662869909e-09;up
43;57;4.987694347855988e-11;up
43;59;2.1802419887646305e-10;down
44;1;1.6139758052204015e-09;down
44;3;1.0589295258051055e-09;up
44;7;5.714614078010847e-09;up
44;15;6.84183038114676e-11;down
44;21;8.066644304329992e-14;up
44;23;1.229483966518822e-13;down
44;25;1.8739277038848067e-13;up
44;35;1.0112829396888114e-12;down
44;37;1.0428029844759577e-10;up
44;39;1.0589295258051055e-09;up
44;45;6.947636618807297e-10;down
44;51;1.3073204022285252e-09;down
44;55;3.749358296582918e-09;up
44;57;4.4889249130703893e-11;up
44;59;2.422491098627367e-10;down
45;1;1.7933064502448905e-09;down
45;3;9.53036573224595e-10;up
45;5;4.165953662869909e-09;right
45;6;4.628837403188787e-09;right
45;7;5.143152670209763e-09;up
45;9;1.430456768828474e-10;down
45;10;1.2874110919456268e-10;left
45;11;1.1586699827510641e-10;left
45;12;1.0428029844759577e-10;left
45;13;9.38522686028362e-11;left
45;14;8.446704174255258e-11;left
45;15;7.602033756829732e-11;left
45;17;4.763272795263818e-14;right
45;18;5.292525328070909e-14;right
45;19;5.880583697856565e-14;right
45;20;6.533981886507294e-14;right
45;21;7.259979873896993e-14;up
45;23;1.3660932961320243e-13;right
45;24;1.5178814401466936e-13;right
45;25;1.686534933496326e-13;up
45;27;1.123647710765346e-12;right
45;28;1.2484974564059398e-12;right
45;29;1.3872193960065999e-12;right
45;30;1.5413548844517775e-12;right
45;31;1.7126165382797529e-12;down
45;32;1.5413548844517775e-12;left
45;33;1.3872193960065999e-12;left
45;34;1.2484974564059398e-12;left
45;35;1.123647710765346e-12;left
45;37;9.38522686028362e-11;up
45;39;9.53036573224595e-10;up
45;40;8.577329159021354e-10;left
45;41;7.719596243119219e-10;left
45;43;2.69165677625263e-10;down
45;45;7.719596243119219e-10;right
45;46;8.577329159021354e-10;right
45;47;9.53036573224595e-10;right
45;48;1.0589295258051055e-09;right
45;49;1.1765883620056728e-09;down
45;51;1.4525782246983614e-09;right
45;52;1.6139758052204015e-09;right
45;53;1.7933064502448905e-09;down
45;55;3.374422466924626e-09;up
45;57;4.0400324217633504e-11;up
45;59;2.69165677625263e-10;down
46;1;1.9925627224943227e-09;down
46;5;3.749358296582918e-09;up
46;9;1.5893964098094157e-10;down
46;15;6.84183038114676e-11;up
46;17;4.2869455157374363e-14;up
46;29;1.2484974564059398e-12;up
46;31;1.902907264755281e-12;down
46;37;8.446704174255258e-11;up
46;39;8.577329159021354e-10;up
46;41;6.947636618807297e-10;up
46;43;2.990729751391811e-10;down
46;47;8.577329159021354e-10;up
46;49;1.3073204022285252e-09;down
46;53;1.9925627224943227e-09;down
46;55;3.0369802202321637e-09;up
46;57;3.636029179587016e-11;up
46;59;2.990729751391811e-10;down
47;1;2.2139585805492475e-09;right
47;2;2.4599539783880528e-09;right
47;3;2.7332821982089474e-09;right
47;4;3.0369802202321637e-09;right
47;5;3.374422466924626e-09;up
47;7;2.1802419887646305e-10;down
47;8;1.9622177898881675e-10;left
47;9;1.7659960108993507e-10;left
47;11;1.739101484906013e-11;down
47;12;1.5651913364154117e-11;left
47;13;1.4086722027738705e-11;left
47;15;6.157647343032084e-11;up
47;17;3.8582509641636925e-14;up
47;18;3.4724258677473234e-14;left
47;19;3.1251832809725914e-14;left
47;21;4.836934950760455e-13;right
47;22;5.374372167511617e-13;right
47;23;5.971524630568463e-13;right
47;24;6.635027367298292e-13;right
47;25;7.372252630331435e-13;right
47;26;8.191391811479372e-13;right
47;27;9.101546457199302e-13;right
47;28;1.0112829396888114e-12;right
47;29;1.123647710765346e-12;up
47;31;2.1143414052836453e-12;down
47;33;4.987694347855988e-11;right
47;34;5.541882608728876e-11;right
47;35;6.157647343032084e-11;right
47;36;6.84183038114676e-11;right
47;37;7.602033756829732e-11;up
47;39;7.719596243119219e-10;up
47;41;6.252872956926567e-10;up
47;43;3.323033057102012e-10;down
47;45;6.252872956926567e-10;right
47;46;6.947636618807297e-10;right
47;47;7.719596243119219e-10;up
47;49;1.4525782246983614e-09;right
47;50;1.6139758052204015e-09;right
47;51;1.7933064502448905e-09;right
47;52;1.9925627224943227e-09;right
47;53;2.2139585805492475e-09;right
47;54;2.4599539783880528e-09;right
47;55;2.7332821982089474e-09;up
47;57;3.2724262616283144e-11;up
47;59;3.323033057102012e-10;down
48;3;2.4599539783880528e-09;up
48;7;2.422491098627367e-10;down
48;11;1.9323349832289033e-11;down
48;15;5.541882608728876e-11;up
48;19;2.8126649528753323e-14;up
48;31;2.3492682280929393e-12;down
48;33;4.4889249130703893e-11;up
48;41;5.62758566123391e-10;up
48;43;3.692258952335569e-10;down
48;45;5.62758566123391e-10;up
48;47;6.947636618807297e-10;up
48;49;1.3073204022285252e-09;up
48;53;1.9925627224943227e-09;up
48;59;3.692258952335569e-10;down
49;1;1.7933064502448905e-09;right
49;2;1.9925627224943227e-09;right
49;3;2.2139585805492475e-09;up
49;5;3.323033057102012e-10;down
49;6;2.990729751391811e-10;left
49;7;2.69165677625263e-10;left
49;8;2.422491098627367e-10;left
49;9;2.1802419887646305e-10;left
49;11;2.147038870254337e-11;down
49;13;4.0400324217633504e-11;right
49;14;4.4889249130703893e-11;right
49;15;4.987694347855988e-11;up
49;17;6.157647343032084e-11;down
49;19;2.531398457587799e-14;up
49;20;2.278258611829019e-14;left
49;21;2.0504327506461173e-14;left
49;23;1.0896840314361235e-14;down
49;24;9.807156282925112e-15;left
49;25;8.826440654632602e-15;left
49;27;3.9785063728309354e-12;down
49;28;3.580655735547842e-12;left
49;29;3.222590161993058e-12;left
49;30;2.900331145793752e-12;left
49;31;2.610298031214377e-12;left
49;33;4.0400324217633504e-11;up
49;34;3.636029179587016e-11;left
49;35;3.2724262616283144e-11;left
49;37;2.1802419887646305e-10;down
49;39;4.102509947039521e-10;right
49;40;4.558344385599468e-10;right
49;41;5.06482709511052e-10;up
49;43;4.102509947039521e-10;right
49;44;4.558344385599468e-10;right
49;45;5.06482709511052e-10;up
49;47;6.252872956926567e-10;up
49;49;1.1765883620056728e-09;up
49;50;1.0589295258051055e-09;left
49;51;9.53036573224595e-10;left
49;53;1.7933064502448905e-09;up
49;54;1.6139758052204015e-09;left
49;55;1.4525782246983614e-09;left
49;56;1.3073204022285252e-09;left
49;57;1.1765883620056728e-09;left
49;59;4.102509947039521e-10;down
50;1;1.6139758052204015e-09;up
50;5;3.692258952335569e-10;down
50;11;2.385598744727041e-11;down
50;13;3.636029179587016e-11;up
50;17;6.84183038114676e-11;down
50;21;1.8453894755815057e-14;up
50;23;1.2107600349290262e-14;down
50;25;7.943796589169342e-15;up
50;27;4.420562636478817e-12;down
50;35;2.945183635465483e-11;up
50;37;2.422491098627367e-10;down
50;39;3.692258952335569e-10;up
50;43;3.692258952335569e-10;up
50;57;1.0589295258051055e-09;up
50;59;4.558344385599468e-10;down
51;1;1.4525782246983614e-09;up
51;3;7.719596243119219e-10;down
51;5;4.102509947039521e-10;right
51;6;4.558344385599468e-10;right
51;7;5.06482709511052e-10;down
51;8;4.558344385599468e-10;left
51;9;4.102509947039521e-10;left
51;11;2.6506652719189347e-11;right
51;12;2.945183635465483e-11;right
51;13;3.2724262616283144e-11;up
51;14;2.945183635465483e-11;left
51;15;2.6506652719189347e-11;left
51;17;7.602033756829732e-11;down
51;18;6.84183038114676e-11;left
51;19;6.157647343032084e-11;left
51;21;1.6608505280233552e-14;up
51;22;1.49476547522102e-14;left
51;23;1.3452889276989179e-14;left
51;25;7.149416930252408e-15;up
51;27;4.911736262754241e-12;right
51;28;5.457484736393601e-12;right
51;29;6.063871929326224e-12;down
51;31;7.486261641143486e-12;right
51;32;8.318068490159428e-12;right
51;33;9.242298322399365e-12;down
51;35;2.6506652719189347e-11;up
51;37;2.69165677625263e-10;right
51;38;2.990729751391811e-10;right
51;39;3.323033057102012e-10;up
51;40;2.990729751391811e-10;left
51;41;2.69165677625263e-10;left
51;43;3.323033057102012e-10;up
51;44;2.990729751391811e-10;left
51;45;2.69165677625263e-10;left
51;46;2.422491098627367e-10;left
51;47;2.1802419887646305e-10;left
51;48;1.9622177898881675e-10;left
51;49;1.7659960108993507e-10;left
51;50;1.5893964098094157e-10;left
51;51;1.430456768828474e-10;left
51;52;1.2874110919456268e-10;left
51;53;1.1586699827510641e-10;left
51;55;6.157647343032084e-11;down
51;57;9.53036573224595e-10;up
51;59;5.06482709511052e-10;down
52;1;1.3073204022285252e-09;up
52;3;8.577329159021354e-10;down
52;7;5.62758566123391e-10;down
52;9;3.692258952335569e-10;up
52;17;8.446704174255258e-11;down
52;25;6.434475237227167e-15;up
52;29;6.737635477029137e-12;down
52;33;1.0269220358221516e-11;down
52;35;2.385598744727041e-11;up
52;43;2.990729751391811e-10;up
52;53;1.0428029844759577e-10;up
52;55;6.84183038114676e-11;down
52;57;8.577329159021354e-10;up
52;59;5.62758566123391e-10;down
53;1;1.1765883620056728e-09;up
53;2;1.0589295258051055e-09;left
53;3;9.53036573224595e-10;left
53;4;8.577329159021354e-10;left
53;5;7.719596243119219e-10;left
53;6;6.947636618807297e-10;left
53;7;6.252872956926567e-10;left
53;9;3.323033057102012e-10;up
53;11;1.7659960108993507e-10;down
53;12;1.5893964098094157e-10;left
53;13;1.430456768828474e-10;left
53;14;1.2874110919456268e-10;left
53;15;1.1586699827510641e-10;left
53;16;1.0428029844759577e-10;left
53;17;9.38522686028362e-11;left
53;18;8.446704174255258e-11;left
53;19;7.602033756829732e-11;left
53;20;6.84183038114676e-11;left
53;21;6.157647343032084e-11;left
53;22;5.541882608728876e-11;left
53;23;4.987694347855988e-11;left
53;25;5.79102771350445e-15;up
53;26;5.211924942154005e-15;left
53;27;4.690732447938605e-15;left
53;29;7.486261641143486e-12;right
53;30;8.318068490159428e-12;right
53;31;9.242298322399365e-12;right
53;32;1.0269220358221516e-11;right
53;33;1.1410244842468351e-11;down
53;35;2.147038870254337e-11;up
53;37;1.430456768828474e-10;right
53;38;1.5893964098094157e-10;right
53;39;1.7659960108993507e-10;right
53;40;1.9622177898881675e-10;right
53;41;2.1802419887646305e-10;right
53;42;2.422491098627367e-10;right
53;43;2.69165677625263e-10;up
53;44;2.422491098627367e-10;left
53;45;2.1802419887646305e-10;left
53;47;4.987694347855988e-11;right
53;48;5.541882608728876e-11;right
53;49;6.157647343032084e-11;right
53;50;6.84183038114676e-11;right
53;51;7.602033756829732e-11;right
53;52;8.446704174255258e-11;right
53;53;9.38522686028362e-11;up
53;54;8.446704174255258e-11;left
53;55;7.602033756829732e-11;left
53;57;7.719596243119219e-10;up
53;58;6.947636618807297e-10;left
53;59;6.252872956926567e-10;left
54;1;1.0589295258051055e-09;up
54;7;5.62758566123391e-10;up
54;9;2.990729751391811e-10;up
54;11;1.9622177898881675e-10;down
54;21;5.541882608728876e-11;up
54;27;4.2216592031447445e-15;up
54;29;6.737635477029137e-12;up
54;33;1.2678049824964835e-11;down
54;35;1.9323349832289033e-11;up
54;37;1.2874110919456268e-10;up
54;45;1.9622177898881675e-10;up
54;47;4.4889249130703893e-11;up
54;49;5.541882608728876e-11;up
55;1;9.53036573224595e-10;up
55;2;8.577329159021354e-10;left
55;3;7.719596243119219e-10;left
55;4;6.947636618807297e-10;left
55;5;6.252872956926567e-10;left
55;7;5.06482709511052e-10;up
55;9;2.69165677625263e-10;up
55;10;2.422491098627367e-10;left
55;11;2.1802419887646305e-10;left
55;13;9.242298322399365e-12;down
55;14;8.318068490159428e-12;left
55;15;7.486261641143486e-12;left
55;16;6.737635477029137e-12;left
55;17;6.063871929326224e-12;left
55;18;5.457484736393601e-12;left
55;19;4.911736262754241e-12;left
55;21;4.987694347855988e-11;up
55;23;4.911736262754241e-12;down
55;24;4.420562636478817e-12;left
55;25;3.9785063728309354e-12;left
55;27;3.79949328283027e-15;up
55;29;6.063871929326224e-12;up
55;30;5.457484736393601e-12;left
55;31;4.911736262754241e-12;left
55;33;1.4086722027738705e-11;right
55;34;1.5651913364154117e-11;right
55;35;1.739101484906013e-11;up
55;37;1.1586699827510641e-10;up
55;39;7.486261641143486e-12;right
55;40;8.318068490159428e-12;right
55;41;9.242298322399365e-12;right
55;42;1.0269220358221516e-11;right
55;43;1.1410244842468351e-11;down
55;45;1.7659960108993507e-10;up
55;47;4.0400324217633504e-11;up
55;49;4.987694347855988e-11;up
55;51;1.1410244842468351e-11;right
55;52;1.2678049824964835e-11;right
55;53;1.4086722027738705e-11;right
55;54;1.5651913364154117e-11;right
55;55;1.739101484906013e-11;down
55;56;1.5651913364154117e-11;left
55;57;1.4086722027738705e-11;left
55;58;1.2678049824964835e-11;left
55;59;1.1410244842468351e-11;left
56;3;6.947636618807297e-10;up
56;5;5.62758566123391e-10;up
56;13;1.0269220358221516e-11;down
56;21;4.4889249130703893e-11;up
56;23;5.457484736393601e-12;down
56;25;3.580655735547842e-12;up
56;27;3.4195439545472436e-15;up
56;31;4.420562636478817e-12;up
56;37;1.0428029844759577e-10;up
56;39;6.737635477029137e-12;up
56;43;1.2678049824964835e-11;down
56;47;3.636029179587016e-11;up
56;49;4.4889249130703893e-11;up
56;55;1.9323349832289033e-11;down
56;59;1.0269220358221516e-11;up
57;1;5.06482709511052e-10;right
57;2;5.62758566123391e-10;right
57;3;6.252872956926567e-10;up
57;5;5.06482709511052e-10;up
57;6;4.558344385599468e-10;left
57;7;4.102509947039521e-10;left
57;9;2.1802419887646305e-10;down
57;10;1.9622177898881675e-10;left
57;11;1.7659960108993507e-10;left
57;13;1.1410244842468351e-11;down
57;15;2.147038870254337e-11;right
57;16;2.385598744727041e-11;right
57;17;2.6506652719189347e-11;right
57;18;2.945183635465483e-11;right
57;19;3.2724262616283144e-11;right
57;20;3.636029179587016e-11;right
57;21;4.0400324217633504e-11;up
57;23;6.063871929326224e-12;down
57;25;3.222590161993058e-12;up
57;27;3.0775895590925193e-15;up
57;28;2.7698306031832673e-15;left
57;29;2.4928475428649408e-15;left
57;31;3.9785063728309354e-12;up
57;33;6.157647343032084e-11;right
57;34;6.84183038114676e-11;right
57;35;7.602033756829732e-11;right
57;36;8.446704174255258e-11;right
57;37;9.38522686028362e-11;up
57;39;6.063871929326224e-12;up
57;40;5.457484736393601e-12;left
57;41;4.911736262754241e-12;left
57;43;1.4086722027738705e-11;right
57;44;1.5651913364154117e-11;right
57;45;1.739101484906013e-11;down
57;47;3.2724262616283144e-11;up
57;49;4.0400324217633504e-11;up
57;50;3.636029179587016e-11;left
57;51;3.2724262616283144e-11;left
57;52;2.945183635465483e-11;left
57;53;2.6506652719189347e-11;left
57;54;2.385598744727041e-11;left
57;55;2.147038870254337e-11;left
57;57;7.486261641143486e-12;right
57;58;8.318068490159428e-12;right
57;59;9.242298322399365e-12;up
58;1;4.558344385599468e-10;up
58;7;3.692258952335569e-10;up
58;9;2.422491098627367e-10;down
58;11;1.5893964098094157e-10;up
58;13;1.2678049824964835e-11;down
58;15;1.9323349832289033e-11;up
58;23;6.737635477029137e-12;down
58;25;2.900331145793752e-12;up
58;29;2.2435627885784466e-15;up
58;33;5.541882608728876e-11;up
58;35;6.84183038114676e-11;up
58;41;4.420562636478817e-12;up
58;45;1.9323349832289033e-11;down
58;49;3.636029179587016e-11;up
58;51;2.945183635465483e-11;up
58;57;6.737635477029137e-12;up
59;1;4.102509947039521e-10;up
59;2;3.692258952335569e-10;left
59;3;3.323033057102012e-10;left
59;4;2.990729751391811e-10;left
59;5;2.69165677625263e-10;left
59;7;3.323033057102012e-10;up
59;8;2.990729751391811e-10;left
59;9;2.69165677625263e-10;left
59;11;1.430456768828474e-10;up
59;13;1.4086722027738705e-11;right
59;14;1.5651913364154117e-11;right
59;15;1.739101484906013e-11;up
59;16;1.5651913364154117e-11;left
59;17;1.4086722027738705e-11;left
59;18;1.2678049824964835e-11;left
59;19;1.1410244842468351e-11;left
59;20;1.0269220358221516e-11;left
59;21;9.242298322399365e-12;left
59;22;8.318068490159428e-12;left
59;23;7.486261641143486e-12;left
59;25;2.610298031214377e-12;up
59;26;2.3492682280929393e-12;left
59;27;2.1143414052836453e-12;left
59;29;2.019206509720602e-15;up
59;30;1.817285858748542e-15;left
59;31;1.6355572728736877e-15;left
59;33;4.987694347855988e-11;up
59;35;6.157647343032084e-11;up
59;36;5.541882608728876e-11;left
59;37;4.987694347855988e-11;left
59;38;4.4889249130703893e-11;left
59;39;4.0400324217633504e-11;left
59;41;3.9785063728309354e-12;up
59;42;3.580655735547842e-12;left
59;43;3.222590161993058e-12;left
59;45;2.147038870254337e-11;right
59;46;2.385598744727041e-11;right
59;47;2.6506652719189347e-11;right
59;48;2.945183635465483e-11;right
59;49;3.2724262616283144e-11;up
59;51;2.6506652719189347e-11;up
59;52;2.385598744727041e-11;left
59;53;2.147038870254337e-11;left
59;54;1.9323349832289033e-11;left
59;55;1.739101484906013e-11;left
59;57;6.063871929326224e-12;up
59;58;5.457484736393601e-12;left
59;59;4.911736262754241e-12;left
